y,age,year
-4.34975307412359,0,1973
-6.35963387047245,1,1973
-6.83636528289546,2,1973
-6.97925128068721,3,1973
-7.17041958845863,4,1973
-7.33240320650708,5,1973
-7.40863057189496,6,1973
-7.56360667479839,7,1973
-7.69741335992293,8,1973
-7.94339276848886,9,1973
-8.09192545601189,10,1973
-7.98951045058382,11,1973
-7.98951045058382,12,1973
-7.92940652651412,13,1973
-7.89125476054974,14,1973
-7.51472476330103,15,1973
-6.9157874506794,16,1973
-6.65388855502509,17,1973
-6.82249543503131,18,1973
-6.7758502081022,19,1973
-6.6966843089022,20,1973
-6.70726641823273,21,1973
-6.72376844286912,22,1973
-6.75075153017247,23,1973
-6.7430886574269,24,1973
-6.76452111089623,25,1973
-6.7371689784066,26,1973
-6.8206605721312,27,1973
-6.65855419334864,28,1973
-6.66559372183217,29,1973
-6.67268315680265,30,1973
-6.55921331827359,31,1973
-6.56487504606559,32,1973
-6.45159705655845,33,1973
-6.40819284749486,34,1973
-6.27648350214028,35,1973
-6.27595172866324,36,1973
-6.0919480856863,37,1973
-6.04740017943829,38,1973
-5.91080664409053,39,1973
-5.8341189763842,40,1973
-5.75940089841921,41,1973
-5.67519501780429,42,1973
-5.63462961596788,43,1973
-5.5570880955054,44,1973
-5.47243268679489,45,1973
-5.43574204245971,46,1973
-5.35976732886426,47,1973
-5.29552127924604,48,1973
-5.19089896978077,49,1973
-5.08870494951818,50,1973
-5.00803866824899,51,1973
-4.93422996289385,52,1973
-4.85542802979387,53,1973
-4.78369894454335,54,1973
-4.69367358457949,55,1973
-4.57367151892872,56,1973
-4.45847580683729,57,1973
-4.40043503435724,58,1973
-4.27593838387952,59,1973
-4.21272277496123,60,1973
-4.07008131008642,61,1973
-3.98308945386201,62,1973
-3.86728867408798,63,1973
-3.73488150867573,64,1973
-3.65440073569769,65,1973
-3.49397078181451,66,1973
-3.46375386832842,67,1973
-3.3282722516476,68,1973
-3.23747267940062,69,1973
-3.11249083416419,70,1973
-3.02027089800115,71,1973
-2.9183268867096,72,1973
-2.81571336582271,73,1973
-2.72812026415614,74,1973
-2.58187580493126,75,1973
-2.49549046124765,76,1973
-2.3868910420473,77,1973
-2.28398907571197,78,1973
-2.17845778044482,79,1973
-2.09224313351704,80,1973
-1.9781203732114,81,1973
-1.9218635987768,82,1973
-1.79782382029046,83,1973
-1.70944611066532,84,1973
-1.64224006866648,85,1973
-1.49241961355881,86,1973
-1.50614603493357,87,1973
-1.35788573464007,88,1973
-1.29321211586509,89,1973
-1.19659674115414,90,1973
-1.11988904195431,91,1973
-1.0536121547412,92,1973
-0.977153350759646,93,1973
-0.905966708476507,94,1973
-0.80348897108178,95,1973
-0.679062832286675,96,1973
-0.759767867901841,97,1973
-0.569284883338987,98,1973
-0.708608086782517,99,1973
-0.489135623091805,100,1973
-4.41744657990514,0,1974
-6.47532372264416,1,1974
-6.88991536085381,2,1974
-7.15878403378588,3,1974
-7.297839285052,4,1974
-7.38902210050658,5,1974
-7.59293428989291,6,1974
-7.7310111448891,7,1974
-7.91287722456291,8,1974
-8.05660878408699,9,1974
-8.17360348702616,10,1974
-8.17715588863053,11,1974
-8.15602834220465,12,1974
-7.98362808068076,13,1974
-7.95187938236618,14,1974
-7.61906643016975,15,1974
-6.95799649541888,16,1974
-6.87625661192277,17,1974
-6.88403875236482,18,1974
-6.89089816191571,19,1974
-6.84384195323848,20,1974
-6.81608809045631,21,1974
-6.8206605721312,22,1974
-6.84948637085816,23,1974
-6.81153642124159,24,1974
-6.82986874032507,25,1974
-6.85232057209404,26,1974
-6.78908374926464,27,1974
-6.85232057209404,28,1974
-6.74989719436656,29,1974
-6.67110337764313,30,1974
-6.69183777275967,31,1974
-6.59953555531281,32,1974
-6.53481336257953,33,1974
-6.44339252962649,34,1974
-6.35732440062379,35,1974
-6.21661010109286,36,1974
-6.18650666831132,37,1974
-6.11114939005396,38,1974
-5.99066486693742,39,1974
-5.87706500679949,40,1974
-5.7644883497736,41,1974
-5.68928802850575,42,1974
-5.6187981507512,43,1974
-5.59510745803054,44,1974
-5.53252186522167,45,1974
-5.461542427651,46,1974
-5.36083127193728,47,1974
-5.2873774265097,48,1974
-5.23121962301554,49,1974
-5.12554122259761,50,1974
-5.06546113638003,51,1974
-4.98088233594691,52,1974
-4.89325233846121,53,1974
-4.78453611495641,54,1974
-4.74121903045137,55,1974
-4.61028323537491,56,1974
-4.50369721705746,57,1974
-4.40329112997861,58,1974
-4.33346506805945,59,1974
-4.20854402654713,60,1974
-4.13535407432268,61,1974
-3.98534666984699,62,1974
-3.91352413155441,63,1974
-3.78830207843839,64,1974
-3.67580529462666,65,1974
-3.57458694771745,66,1974
-3.43495066846755,67,1974
-3.37754921675645,68,1974
-3.25494351403008,69,1974
-3.15322854363235,70,1974
-3.04654147460731,71,1974
-2.94650411008216,72,1974
-2.83150680102945,73,1974
-2.73723702253719,74,1974
-2.63519479880096,75,1974
-2.52239670140028,76,1974
-2.43357115629084,77,1974
-2.30565981511112,78,1974
-2.19753162447037,79,1974
-2.11652054992126,80,1974
-2.04735390081277,81,1974
-1.9097122692936,82,1974
-1.83598725688314,83,1974
-1.72635382415114,84,1974
-1.63002334604321,85,1974
-1.56153862116459,86,1974
-1.42161070624746,87,1974
-1.41909445066225,88,1974
-1.2753506604863,89,1974
-1.1888871669079,90,1974
-1.15955408577931,91,1974
-1.03099476253513,92,1974
-0.93993046144044,93,1974
-0.9171360890879,94,1974
-0.914944138937526,95,1974
-0.77159316367689,96,1974
-0.601124215913893,97,1974
-0.678889308813246,98,1974
-0.581339293938404,99,1974
-0.690493893743986,100,1974
-4.50922384494088,0,1975
-6.52863414621357,1,1975
-6.93924594607351,2,1975
-7.18746918178474,3,1975
-7.3841794760308,4,1975
-7.50377574881136,5,1975
-7.45420808039128,6,1975
-7.82404601085629,7,1975
-7.85708586493449,8,1975
-8.13193079062559,9,1975
-8.12177841916157,10,1975
-8.25099015064158,11,1975
-8.11506698457359,12,1975
-8.07893826048508,13,1975
-7.95757740348081,14,1975
-7.75638736238248,15,1975
-7.01868683968942,16,1975
-6.95170716651132,17,1975
-6.94234672375176,18,1975
-6.83636528289546,19,1975
-6.8733538522648,20,1975
-6.85326709369807,21,1975
-6.84854341935029,22,1975
-6.83543461740251,23,1975
-6.85043021236287,24,1975
-6.85043021236287,25,1975
-6.90077966524571,26,1975
-6.86853456582886,27,1975
-6.82709737596468,28,1975
-6.88403875236482,29,1975
-6.75589292967289,30,1975
-6.64385373519576,31,1975
-6.68781685861688,32,1975
-6.59513672124032,33,1975
-6.4897030553685,34,1975
-6.41917526416347,35,1975
-6.43525476953781,36,1975
-6.21410822338054,37,1975
-6.15069477267854,38,1975
-6.06060028594284,39,1975
-5.94955514403077,40,1975
-5.88890795878289,41,1975
-5.7132269334842,42,1975
-5.66880150576096,43,1975
-5.58307039949394,44,1975
-5.48296161871164,45,1975
-5.46555328592395,46,1975
-5.37866011923057,47,1975
-5.30614794566323,48,1975
-5.24155903272943,49,1975
-5.16413618508202,50,1975
-5.09276768363488,51,1975
-4.9750751186977,52,1975
-4.93200897364107,53,1975
-4.87030829400498,54,1975
-4.71800299426244,55,1975
-4.63810668623436,56,1975
-4.5306194547238,57,1975
-4.43096480979639,58,1975
-4.34426852907128,59,1975
-4.2873712146325,60,1975
-4.17034046925002,61,1975
-4.06406757133783,62,1975
-3.94873885836481,63,1975
-3.85649369563567,64,1975
-3.75194705758151,65,1975
-3.62279213298651,66,1975
-3.50011204983659,67,1975
-3.36491366958491,68,1975
-3.31255483575219,69,1975
-3.19223389392178,70,1975
-3.09024077478847,71,1975
-2.97875716934803,72,1975
-2.88349346766414,73,1975
-2.75240969520264,74,1975
-2.67136153703516,75,1975
-2.58420557406723,76,1975
-2.45407099316916,77,1975
-2.38821923698639,78,1975
-2.22554998052719,79,1975
-2.15049940093005,80,1975
-2.06112236709692,81,1975
-1.93314102246509,82,1975
-1.8477712465893,83,1975
-1.77717040898476,84,1975
-1.68973190167621,85,1975
-1.56054299184705,86,1975
-1.50769844486487,87,1975
-1.40562805838095,88,1975
-1.37011397249087,89,1975
-1.2487644731432,90,1975
-1.1610474234745,91,1975
-1.10848688238941,92,1975
-1.01061240041677,93,1975
-0.949185893578424,94,1975
-0.926416828173164,95,1975
-0.7679978900132,96,1975
-0.653267069472659,97,1975
-0.535731550772931,98,1975
-0.506929888672323,99,1975
-0.38182888399218,100,1975
-4.56402824265692,0,1976
-6.64693066070024,1,1976
-7.02992291295634,2,1976
-7.26157715393846,3,1976
-7.43708437431269,4,1976
-7.59492038786454,5,1976
-7.71071732554929,6,1976
-7.83409634670979,7,1976
-8.04095901241987,8,1976
-8.04095901241987,9,1976
-8.18788944427364,10,1976
-8.21339173708457,11,1976
-8.22452357745342,12,1976
-8.05976834437736,13,1976
-8.07571764578504,14,1976
-7.78482529770301,15,1976
-7.12964961089591,16,1976
-7.02992291295634,17,1976
-6.89385237381315,18,1976
-6.90775527898214,19,1976
-6.89483905371559,20,1976
-6.9037632577126,21,1976
-6.86757348934931,22,1976
-6.9157874506794,23,1976
-6.92185420336164,24,1976
-6.94857727350239,25,1976
-6.92490143781711,26,1976
-6.95379921748354,27,1976
-6.88893352474155,28,1976
-6.84478047982075,29,1976
-6.93512647577827,30,1976
-6.73044626401173,31,1976
-6.69183777275967,32,1976
-6.64231881547768,33,1976
-6.58277742178666,34,1976
-6.46821085722111,35,1976
-6.4309001747873,36,1976
-6.37067728407208,37,1976
-6.20812913232448,38,1976
-6.08445741395715,39,1976
-5.97519757464411,40,1976
-5.88963024122671,41,1976
-5.82527237224391,42,1976
-5.64759119500646,43,1976
-5.62515615420101,44,1976
-5.46649935978827,45,1976
-5.46248471276195,46,1976
-5.38496517327371,47,1976
-5.33518884132394,48,1976
-5.2581355769152,49,1976
-5.20756300327957,50,1976
-5.10291507021555,51,1976
-4.99436832163238,52,1976
-4.936455895922,53,1976
-4.8591596174734,54,1976
-4.75983766600023,55,1976
-4.63924416632184,56,1976
-4.61916769563194,57,1976
-4.46584312076699,58,1976
-4.38724020172677,59,1976
-4.27421313005499,60,1976
-4.22550163292394,61,1976
-4.08715050164186,62,1976
-3.99752642904209,63,1976
-3.86733648780574,64,1976
-3.76563091721308,65,1976
-3.68305644081115,66,1976
-3.55830743612207,67,1976
-3.43690746429623,68,1976
-3.29992320372152,69,1976
-3.24419363285249,70,1976
-3.12149959898948,71,1976
-3.0064494983952,72,1976
-2.90064029937296,73,1976
-2.80461616907854,74,1976
-2.69334879824932,75,1976
-2.59380675574436,76,1976
-2.49479942229768,77,1976
-2.35762222892395,78,1976
-2.27995313868771,79,1976
-2.15576982305066,80,1976
-2.07414360058654,81,1976
-1.96746376844379,82,1976
-1.85771980065901,83,1976
-1.77140405357105,84,1976
-1.68013938560708,85,1976
-1.57834145803434,86,1976
-1.48332522044451,87,1976
-1.43240112882014,88,1976
-1.3331252272199,89,1976
-1.26555747017053,90,1976
-1.16818747252315,91,1976
-1.0626758088638,92,1976
-0.991326826908391,93,1976
-1.02834303210727,94,1976
-0.854567889793002,95,1976
-0.800498565572553,96,1976
-0.65819518079809,97,1976
-0.764235102275675,98,1976
-0.568984537939523,99,1976
-0.608865409822794,100,1976
-4.61785023914547,0,1977
-6.64924458383064,1,1977
-7.17563472413774,2,1977
-7.31572351730842,3,1977
-7.48578965244158,4,1977
-7.59293428989291,5,1977
-7.64172445406234,6,1977
-7.91287722456291,7,1977
-8.11172808330807,8,1977
-8.22826189956402,9,1977
-8.37309284744248,10,1977
-8.41734785644652,11,1977
-8.32657283180759,12,1977
-8.10177775245491,13,1977
-8.1050835405894,14,1977
-7.81905846934525,15,1977
-7.20346952313118,16,1977
-7.10498744851185,17,1977
-7.02092397708777,18,1977
-7.00757561426435,19,1977
-6.94961948308084,20,1977
-6.95379921748354,21,1977
-6.96538439181877,22,1977
-6.90975728165281,23,1977
-6.95694552317291,24,1977
-6.97496402867559,25,1977
-6.92185420336164,26,1977
-6.93409925432174,27,1977
-6.9632679889124,28,1977
-6.89483905371559,29,1977
-6.86469578952169,30,1977
-6.92084051853079,31,1977
-6.77147766068959,32,1977
-6.65156387362173,33,1977
-6.62483452363207,34,1977
-6.53274937835868,35,1977
-6.41978894936223,36,1977
-6.30891877789343,37,1977
-6.27701555855081,38,1977
-6.16581793425276,39,1977
-6.06489582519387,40,1977
-5.95571137740216,41,1977
-5.85065967051696,42,1977
-5.755602223386,43,1977
-5.63239247856953,44,1977
-5.53125876034236,45,1977
-5.46201345921883,46,1977
-5.34940015677735,47,1977
-5.33622693962126,48,1977
-5.23703413813114,49,1977
-5.17804853415709,50,1977
-5.10012246059779,51,1977
-5.05427375112609,52,1977
-4.96327472273642,53,1977
-4.90330671634373,54,1977
-4.77964262783865,55,1977
-4.71219875874661,56,1977
-4.62905312645142,57,1977
-4.53154804611748,58,1977
-4.4364405827136,59,1977
-4.34019395107195,60,1977
-4.21848023320626,61,1977
-4.13111228641432,62,1977
-4.04070901305619,63,1977
-3.91708579977061,64,1977
-3.84095894699714,65,1977
-3.71764936761005,66,1977
-3.62718246631102,67,1977
-3.46056529346951,68,1977
-3.38348517306358,69,1977
-3.23856845821394,70,1977
-3.18165229707023,71,1977
-3.06890529829191,72,1977
-2.96086718622791,73,1977
-2.84572731823658,74,1977
-2.74006732253583,75,1977
-2.62358957451214,76,1977
-2.53109300680741,77,1977
-2.46052628106262,78,1977
-2.31254452388862,79,1977
-2.24961320822794,80,1977
-2.12623130797988,81,1977
-2.02741091918547,82,1977
-1.93629056596246,83,1977
-1.83498434836462,84,1977
-1.74636936442933,85,1977
-1.68953145473303,86,1977
-1.5583836466116,87,1977
-1.48766728225547,88,1977
-1.39044295464622,89,1977
-1.30536343264665,90,1977
-1.26940416837358,91,1977
-1.16930410254072,92,1977
-1.09899736279964,93,1977
-1.046180192961,94,1977
-0.947051531224871,95,1977
-0.916300731924155,96,1977
-0.834072699627977,97,1977
-0.851226567661114,98,1977
-0.577250367147232,99,1977
-0.540522058671221,100,1977
-4.67817107887258,0,1978
-6.69103229547085,1,1978
-7.19011818995632,2,1978
-7.32024500202727,3,1978
-7.50015255644194,4,1978
-7.68646034790373,5,1978
-7.68646034790373,6,1978
-7.90471391392375,7,1978
-7.98362808068076,8,1978
-8.17360348702616,9,1978
-8.35592504382011,10,1978
-8.53230682922629,11,1978
-8.31017902203191,12,1978
-8.26643447306905,13,1978
-8.05976834437736,14,1978
-7.77763963804214,15,1978
-7.14347761250321,16,1978
-6.99331316734378,17,1978
-6.97817774327868,18,1978
-6.89188192982585,19,1978
-6.96856741837889,20,1978
-6.99331316734378,21,1978
-7.02766557565469,22,1978
-6.97603411973543,23,1978
-6.99222443560859,24,1978
-6.94545714616615,25,1978
-6.99113688792119,26,1978
-7.05625528730058,27,1978
-7.01534048966207,28,1978
-6.94961948308084,29,1978
-6.93000088792946,30,1978
-6.82894409855785,31,1978
-6.85991794956798,32,1978
-6.6703144229671,33,1978
-6.6195733314887,34,1978
-6.58494740455498,35,1978
-6.48904494412395,36,1978
-6.44527991615719,37,1978
-6.28717879125703,38,1978
-6.22921425081155,39,1978
-6.07050775444843,40,1978
-6.0507900131928,41,1978
-5.87670830980979,42,1978
-5.75844987599851,43,1978
-5.65213924150436,44,1978
-5.61494776095571,45,1978
-5.51971244732813,46,1978
-5.37584656905727,47,1978
-5.34185136857177,48,1978
-5.26720637152298,49,1978
-5.21213967030698,50,1978
-5.1387527968767,51,1978
-5.04538203042609,52,1978
-4.98936315882072,53,1978
-4.90425030339224,54,1978
-4.81589121730374,55,1978
-4.71554324346946,56,1978
-4.65541140242484,57,1978
-4.52147262696652,58,1978
-4.45313603013259,59,1978
-4.36104822828869,60,1978
-4.27450046573687,61,1978
-4.16459536743317,62,1978
-4.07383630159075,63,1978
-3.97427081890767,64,1978
-3.84961174530675,65,1978
-3.73865810667708,66,1978
-3.64658654192368,67,1978
-3.51408616374077,68,1978
-3.41130832541288,69,1978
-3.29171537104516,70,1978
-3.16925267439488,71,1978
-3.11550729189117,72,1978
-2.98615825111972,73,1978
-2.86449350698935,74,1978
-2.76732261256728,75,1978
-2.64640022279052,76,1978
-2.55043125694863,77,1978
-2.42486572770288,78,1978
-2.36182567303832,79,1978
-2.2486178767241,80,1978
-2.16105080910093,81,1978
-2.03381829165542,82,1978
-1.96844414313991,83,1978
-1.87385277794754,84,1978
-1.75469492509124,85,1978
-1.65975273830971,86,1978
-1.61128962579757,87,1978
-1.47355304141373,88,1978
-1.40535078689369,89,1978
-1.31279114322174,90,1978
-1.23100832605238,91,1978
-1.21295636931452,92,1978
-1.08013995758841,93,1978
-1.10144630068924,94,1978
-0.958084552631258,95,1978
-0.878092175560614,96,1978
-0.853210304488807,97,1978
-0.748691603466628,98,1978
-0.884857473930658,99,1978
-0.510405397731222,100,1978
-4.74800183509563,0,1979
-6.744786450704,1,1979
-7.24602913754998,2,1979
-7.43878361006565,3,1979
-7.6231480684894,4,1979
-7.69961843248124,5,1979
-7.74708496972016,6,1979
-7.95472433449841,7,1979
-8.25099015064158,8,1979
-8.37309284744248,9,1979
-8.51719319141624,10,1979
-8.39941015575985,11,1979
-8.44487252983661,12,1979
-8.29805766149957,13,1979
-8.16302137769562,14,1979
-7.854505218341,15,1979
-7.17563472413774,16,1979
-7.03105349532663,17,1979
-6.9846363233181,18,1979
-6.9622114647782,19,1979
-7.03218535736031,20,1979
-6.99877467736931,21,1979
-7.02428909523809,22,1979
-7.07145137165293,23,1979
-7.04816743269888,24,1979
-7.01422752349265,25,1979
-7.00757561426435,26,1979
-6.99331316734378,27,1979
-7.04701734631564,28,1979
-6.97603411973543,29,1979
-6.95170716651132,30,1979
-6.9846363233181,31,1979
-6.82617529198971,32,1979
-6.7706054408349,33,1979
-6.65855419334864,34,1979
-6.57845153183954,35,1979
-6.57486086370881,36,1979
-6.41366897922044,37,1979
-6.34699728646794,38,1979
-6.32163667118072,39,1979
-6.17059121300542,40,1979
-6.08007720546459,41,1979
-5.99667811416087,42,1979
-5.8205410352664,43,1979
-5.72021678111963,44,1979
-5.60919983217025,45,1979
-5.48802614177601,46,1979
-5.38496517327371,47,1979
-5.31201069368004,48,1979
-5.27206499540397,49,1979
-5.21195620089999,50,1979
-5.14697061405351,51,1979
-5.05631280759291,52,1979
-4.98233942494141,53,1979
-4.92979290625216,54,1979
-4.82743911989164,55,1979
-4.76159010525939,56,1979
-4.65741129783378,57,1979
-4.58389805071255,58,1979
-4.45416731245156,59,1979
-4.41902262436061,60,1979
-4.29225905949053,61,1979
-4.19617797210377,62,1979
-4.09384468718045,63,1979
-4.02737774179117,64,1979
-3.89065297969195,65,1979
-3.79717761375911,66,1979
-3.69204445745709,67,1979
-3.56939120649155,68,1979
-3.46493622262916,69,1979
-3.33249255165517,70,1979
-3.23798219460794,71,1979
-3.08382059387534,72,1979
-3.04248850756244,73,1979
-2.91488988570989,74,1979
-2.81161233481866,75,1979
-2.69530180828004,76,1979
-2.60103156089301,77,1979
-2.4857269861719,78,1979
-2.37342609980291,79,1979
-2.32263475079975,80,1979
-2.19368584603806,81,1979
-2.10135182853079,82,1979
-1.99012748456086,83,1979
-1.88699805159554,84,1979
-1.83541046159186,85,1979
-1.73140782584331,86,1979
-1.62817740505827,87,1979
-1.57908816093948,88,1979
-1.45722768549696,89,1979
-1.39254183601376,90,1979
-1.2842288680916,91,1979
-1.2084092976919,92,1979
-1.18871972623814,93,1979
-1.06868171088346,94,1979
-1.06872538491795,95,1979
-0.897228574736781,96,1979
-0.984069162521568,97,1979
-0.805304072684823,98,1979
-0.637481658306084,99,1979
-0.629662074925495,100,1979
-4.79778453226748,0,1980
-6.80972153871077,1,1980
-7.19543735143392,2,1980
-7.43878361006565,3,1980
-7.58897388867681,4,1980
-7.73557736286868,5,1980
-7.86226722367649,6,1980
-7.9462136448305,7,1980
-8.13193079062559,8,1980
-8.33904700603276,9,1980
-8.48279176469891,10,1980
-8.53739589873376,11,1980
-8.40386450610923,12,1980
-8.36877318629796,13,1980
-8.16653631980307,14,1980
-7.89930849535684,15,1980
-7.18350878056864,16,1980
-7.17432838822368,17,1980
-7.10012717162959,18,1980
-7.02992291295634,19,1980
-6.99331316734378,20,1980
-7.06207263936649,21,1980
-7.05509586688085,22,1980
-7.05974163598002,23,1980
-7.08210866612691,24,1980
-7.06324018182253,25,1980
-7.07145137165293,26,1980
-7.03218535736031,27,1980
-6.97069507875601,28,1980
-6.97282727572585,29,1980
-7.01645469590548,30,1980
-6.87722607394731,31,1980
-6.86949656686505,32,1980
-6.79979813747704,33,1980
-6.78024195868318,34,1980
-6.62107370686394,35,1980
-6.50965052528027,36,1980
-6.47792281442568,37,1980
-6.32498115590356,38,1980
-6.32330751534553,39,1980
-6.17011285853564,40,1980
-6.11521535454416,41,1980
-5.97519757464411,42,1980
-5.90125827922183,43,1980
-5.77441955425564,44,1980
-5.66187307157899,45,1980
-5.51721992360499,46,1980
-5.40902548853246,47,1980
-5.32609974756049,48,1980
-5.25755937407587,49,1980
-5.20756300327957,50,1980
-5.12908104930274,51,1980
-5.08095046801128,52,1980
-4.95785310865729,53,1980
-4.90492483967414,54,1980
-4.82718936964059,55,1980
-4.76264304481266,56,1980
-4.67216505481237,57,1980
-4.56258973845297,58,1980
-4.49883015021677,59,1980
-4.34611909633546,60,1980
-4.30262413188777,61,1980
-4.1989720133041,62,1980
-4.11029103405179,63,1980
-3.97656152656572,64,1980
-3.88625779754212,65,1980
-3.81213242261335,66,1980
-3.68971980711163,67,1980
-3.55623845777456,68,1980
-3.45238541843159,69,1980
-3.33985772142898,70,1980
-3.22381299264802,71,1980
-3.1125807460506,72,1980
-2.97846226238904,73,1980
-2.91993858016987,74,1980
-2.77065459387252,75,1980
-2.69678390482832,76,1980
-2.56193889345897,77,1980
-2.45144479476473,78,1980
-2.36258990693107,79,1980
-2.24662072507661,80,1980
-2.17019810495072,81,1980
-2.03852995117342,82,1980
-1.98206077973828,83,1980
-1.88697825320911,84,1980
-1.76330030048809,85,1980
-1.68580612932525,86,1980
-1.60331668542916,87,1980
-1.48951938079545,88,1980
-1.43683004782778,89,1980
-1.29695835484249,90,1980
-1.22031562366611,91,1980
-1.15597025182846,92,1980
-1.10520195289263,93,1980
-1.04856577118397,94,1980
-0.918327805300081,95,1980
-0.963508133483271,96,1980
-0.883114693319482,97,1980
-0.816535898737163,98,1980
-0.645769441965491,99,1980
-0.543203078801501,100,1980
-4.85043154255592,0,1981
-6.78642299381461,1,1981
-7.38096403917682,2,1981
-7.46812134830826,3,1981
-7.80915739836254,4,1981
-7.80179540192147,5,1981
-7.93497757156357,6,1981
-7.89393213832046,7,1981
-8.2170885989659,8,1981
-8.412833176092,9,1981
-8.40386450610923,10,1981
-8.47797247826296,11,1981
-8.39497555869199,12,1981
-8.22452357745342,13,1981
-8.24716605420318,14,1981
-7.92940652651412,15,1981
-7.29194825181476,16,1981
-7.08927715560553,17,1981
-7.03786396432916,18,1981
-7.03445293202809,19,1981
-7.11232244472341,20,1981
-7.05047158118373,21,1981
-7.09167811714307,22,1981
-7.1025543572872,23,1981
-7.07145137165293,24,1981
-7.1160102178026,25,1981
-7.10498744851185,26,1981
-7.05741605353654,27,1981
-7.1013400280548,28,1981
-7.00536810784914,29,1981
-6.97176060895805,30,1981
-6.99113688792119,31,1981
-6.91075978800244,32,1981
-6.84384195323848,33,1981
-6.75589292967289,34,1981
-6.76106089983133,35,1981
-6.63849179205437,36,1981
-6.4897030553685,37,1981
-6.37243218361576,38,1981
-6.29311032657715,39,1981
-6.22870702280169,40,1981
-6.13302811142977,41,1981
-6.03939508086553,42,1981
-5.91191426834997,43,1981
-5.84823037902207,44,1981
-5.68928802850575,45,1981
-5.57882523525182,46,1981
-5.47888047032713,47,1981
-5.37239456994435,48,1981
-5.29751768637747,49,1981
-5.18767084646097,50,1981
-5.13009473413358,51,1981
-5.05694104697277,52,1981
-4.96470636220786,53,1981
-4.92565097019126,54,1981
-4.81391785701857,55,1981
-4.74270960001015,56,1981
-4.68302362519296,57,1981
-4.59988418155885,58,1981
-4.52839434718604,59,1981
-4.44407226564576,60,1981
-4.31175458168855,61,1981
-4.2579699860119,62,1981
-4.13454175197351,63,1981
-4.01688364604432,64,1981
-3.916081228889,65,1981
-3.82346282844867,66,1981
-3.72932651892912,67,1981
-3.63647677532089,68,1981
-3.50024453526339,69,1981
-3.38001335599503,70,1981
-3.28573704137542,71,1981
-3.16301547537158,72,1981
-3.04320131079604,73,1981
-2.90722701296432,74,1981
-2.8470364444097,75,1981
-2.71614789913983,76,1981
-2.62578381379169,77,1981
-2.5204550740556,78,1981
-2.39217068953651,79,1981
-2.28510869869281,80,1981
-2.17516860836942,81,1981
-2.12463976460107,82,1981
-2.0020213467117,83,1981
-1.90674616828051,84,1981
-1.80132507409776,85,1981
-1.71515960441936,86,1981
-1.64797605858925,87,1981
-1.56861751791513,88,1981
-1.44077166646315,89,1981
-1.34303182714028,90,1981
-1.27989678339687,91,1981
-1.21091685856037,92,1981
-1.15557319260266,93,1981
-0.994544207844489,94,1981
-1.00086326707576,95,1981
-0.924799327527162,96,1981
-0.757288980401817,97,1981
-0.922492422666215,98,1981
-0.694972846073518,99,1981
-0.721475417693376,100,1981
-4.913463212344,0,1982
-6.87722607394731,1,1982
-7.3841794760308,2,1982
-7.60290446221276,3,1982
-7.81657399601759,4,1982
-7.81905846934525,5,1982
-7.90742761979534,6,1982
-8.15602834220465,7,1982
-8.34745041682914,8,1982
-8.40386450610923,9,1982
-8.52220573323978,10,1982
-8.46365242448821,11,1982
-8.57376354290463,12,1982
-8.45421839225485,13,1982
-8.22079917836244,14,1982
-7.87533930524384,15,1982
-7.20481451324652,16,1982
-7.14982684018187,17,1982
-7.07027420847991,18,1982
-7.02204442538426,19,1982
-7.05625528730058,20,1982
-7.05857816871672,21,1982
-7.12715584401751,22,1982
-7.0367256602791,23,1982
-7.1447442371184,24,1982
-7.08807883311342,25,1982
-7.11109620300017,26,1982
-7.1460124681064,27,1982
-7.05278105103239,28,1982
-7.03218535736031,29,1982
-6.95799649541888,30,1982
-6.96644427533082,31,1982
-6.93924594607351,32,1982
-6.86278191333941,33,1982
-6.8206605721312,34,1982
-6.76278950873195,35,1982
-6.69587491994664,36,1982
-6.5479851301361,37,1982
-6.42347899044968,38,1982
-6.37184687484868,39,1982
-6.16439038226157,40,1982
-6.19627714173747,41,1982
-6.03813695530641,42,1982
-6.04233687748174,43,1982
-5.86043628470158,44,1982
-5.73589252857443,45,1982
-5.59537660081241,46,1982
-5.51175814240086,47,1982
-5.38671151731063,48,1982
-5.30232538794558,49,1982
-5.20701520814125,50,1982
-5.1361985170716,51,1982
-5.05961547631797,52,1982
-4.98175633454588,53,1982
-4.94456669412655,54,1982
-4.83735448195445,55,1982
-4.77122477031817,56,1982
-4.69498549031046,57,1982
-4.64121195733536,58,1982
-4.53564412333948,59,1982
-4.45313603013259,60,1982
-4.37644225637998,61,1982
-4.2675557447881,62,1982
-4.15415826292396,63,1982
-4.08554340626903,64,1982
-3.97848337212842,65,1982
-3.85545365394025,66,1982
-3.75943068206497,67,1982
-3.65978677991066,68,1982
-3.56889440023577,69,1982
-3.44627843310279,70,1982
-3.31767458269089,71,1982
-3.22582491395641,72,1982
-3.10307252537466,73,1982
-2.99144149213683,74,1982
-2.85308753391293,75,1982
-2.77939583817276,76,1982
-2.65090928741539,77,1982
-2.55564676109554,78,1982
-2.45128233653934,79,1982
-2.34678779567378,80,1982
-2.24286440901811,81,1982
-2.12901000864833,82,1982
-2.07356285506801,83,1982
-1.93970046908767,84,1982
-1.88670771453857,85,1982
-1.77965107263516,86,1982
-1.71052424211932,87,1982
-1.602745357623,88,1982
-1.50918542054501,89,1982
-1.43438856752412,90,1982
-1.38444407395743,91,1982
-1.25029950531398,92,1982
-1.18101177135542,93,1982
-1.19118162800964,94,1982
-1.01341856260551,95,1982
-0.998737994841687,96,1982
-0.954184725509117,97,1982
-0.882655298938258,98,1982
-0.950297461494636,99,1982
-0.776327748812063,100,1982
-4.98921632672296,0,1983
-6.91881622634156,1,1983
-7.53137639689347,2,1983
-7.75172534927667,3,1983
-7.81162349085773,4,1983
-7.88592141457438,5,1983
-8.03168537563454,6,1983
-8.06293791913864,7,1983
-8.32657283180759,8,1983
-8.38616492900983,9,1983
-8.56323712991764,10,1983
-8.63372700767219,11,1983
-8.66801608115082,12,1983
-8.47797247826296,13,1983
-8.09519878135686,14,1983
-7.932188169476,15,1983
-7.16912004311654,16,1983
-7.20078495776051,17,1983
-7.04816743269888,18,1983
-6.94857727350239,19,1983
-7.07735806336832,20,1983
-7.01645469590548,21,1983
-7.02879360735919,22,1983
-7.0265388149721,23,1983
-7.09770586294058,24,1983
-7.05278105103239,25,1983
-7.05741605353654,26,1983
-7.00536810784914,27,1983
-7.05974163598002,28,1983
-7.07027420847991,29,1983
-6.87238813514485,30,1983
-6.95066277999341,31,1983
-6.90775527898214,32,1983
-6.86373839356536,33,1983
-6.79890087407006,34,1983
-6.73044626401173,35,1983
-6.61136126592833,36,1983
-6.6407862481279,37,1983
-6.38896148556697,38,1983
-6.26327327040347,39,1983
-6.1918686114527,40,1983
-6.12111775533485,41,1983
-6.02398773881354,42,1983
-5.97283908298482,43,1983
-5.85344324921061,44,1983
-5.73713245433775,45,1983
-5.65957421999188,46,1983
-5.49457558908086,47,1983
-5.41575046344013,48,1983
-5.2873774265097,49,1983
-5.19018070794346,50,1983
-5.09325632278459,51,1983
-4.99643657469644,52,1983
-4.98394467884321,53,1983
-4.88184637926334,54,1983
-4.80630765703969,55,1983
-4.72745082069692,56,1983
-4.67623663442195,57,1983
-4.59205654684271,58,1983
-4.52119675221191,59,1983
-4.45787149896721,60,1983
-4.36694099725584,61,1983
-4.28069823708946,62,1983
-4.16982270339806,63,1983
-4.09732901126306,64,1983
-4.00446729581943,65,1983
-3.87723517994248,66,1983
-3.77186983524474,67,1983
-3.68456875852685,68,1983
-3.58845510128706,69,1983
-3.4620307752699,70,1983
-3.3440139681347,71,1983
-3.23168248113765,72,1983
-3.12636501418944,73,1983
-2.97612574391507,74,1983
-2.87762928908669,75,1983
-2.74982577513493,76,1983
-2.67968142705177,77,1983
-2.55572404184366,78,1983
-2.44926541224369,79,1983
-2.34828354144579,80,1983
-2.22638359950047,81,1983
-2.12615586190493,82,1983
-2.0194684261652,83,1983
-1.95326714550888,84,1983
-1.83447074732112,85,1983
-1.77705806637516,86,1983
-1.66294945478917,87,1983
-1.57901540562285,88,1983
-1.49339416624287,89,1983
-1.38692656091608,90,1983
-1.28447089344764,91,1983
-1.24885511411438,92,1983
-1.19656696206534,93,1983
-1.12425014786332,94,1983
-1.08250471497602,95,1983
-0.954361306690177,96,1983
-1.00942078987196,97,1983
-0.880942893242513,98,1983
-0.690456802873728,99,1983
-0.679569706286253,100,1983
-5.01404108723109,0,1984
-7.02879360735919,1,1984
-7.46288116164471,2,1984
-7.79691734346804,3,1984
-7.88061636234469,4,1984
-8.00436956498757,5,1984
-8.15255007782833,6,1984
-8.23956145481796,7,1984
-8.48279176469891,8,1984
-8.52724352726974,9,1984
-8.61701352669845,10,1984
-8.58440194110969,11,1984
-8.46365242448821,12,1984
-8.40386450610923,13,1984
-8.31425234741955,14,1984
-8.00436956498757,15,1984
-7.30972649783605,16,1984
-7.13968733632943,17,1984
-7.14728230954687,18,1984
-7.01311579463996,19,1984
-6.99331316734378,20,1984
-7.11477944841646,21,1984
-7.02766557565469,22,1984
-7.05741605353654,23,1984
-7.20212633958471,24,1984
-7.14347761250321,25,1984
-7.04357500212467,26,1984
-7.17825252667982,27,1984
-7.1160102178026,28,1984
-7.03218535736031,29,1984
-7.09649740357901,30,1984
-6.94338245662529,31,1984
-6.93307308696643,32,1984
-6.88111334803572,33,1984
-6.85706216466662,34,1984
-6.69749435349894,35,1984
-6.66245892302679,36,1984
-6.55709840736897,37,1984
-6.48118120766374,38,1984
-6.35905600278806,39,1984
-6.19529578738982,40,1984
-6.15728303180292,41,1984
-6.0310373222278,42,1984
-5.96970305532647,43,1984
-5.86184077931448,44,1984
-5.76832099579377,45,1984
-5.69135995465764,46,1984
-5.57565314694567,47,1984
-5.48248061822136,48,1984
-5.36509840023839,49,1984
-5.20939115735364,50,1984
-5.12151099044219,51,1984
-5.04336511871917,52,1984
-4.95302698147594,53,1984
-4.8798702242167,54,1984
-4.8108422563903,55,1984
-4.75193156738349,56,1984
-4.68887793506158,57,1984
-4.61300076510328,58,1984
-4.54576984270664,59,1984
-4.45219162139101,60,1984
-4.36946585262902,61,1984
-4.29379600127952,62,1984
-4.22174620875681,63,1984
-4.07407145738255,64,1984
-4.01693917537771,65,1984
-3.91557932163092,66,1984
-3.81476018780794,67,1984
-3.70326239448139,68,1984
-3.62590465495255,69,1984
-3.51499337614108,70,1984
-3.39275313487949,71,1984
-3.28296111539695,72,1984
-3.1693954227773,73,1984
-3.02926837477345,74,1984
-2.92805493366608,75,1984
-2.80245429152953,76,1984
-2.66575249597866,77,1984
-2.61348120499758,78,1984
-2.4793819391453,79,1984
-2.3818339491844,80,1984
-2.26141435929037,81,1984
-2.16895495524498,82,1984
-2.04832279174108,83,1984
-1.94696870913239,84,1984
-1.89185387521338,85,1984
-1.77350509868658,86,1984
-1.71619940900755,87,1984
-1.60007686408466,88,1984
-1.52787175042203,89,1984
-1.43970779615497,90,1984
-1.37860400783588,91,1984
-1.27175212674723,92,1984
-1.20535375740287,93,1984
-1.15673304776669,94,1984
-1.02167069216547,95,1984
-1.06376748199733,96,1984
-1.00580250497764,97,1984
-0.887968130307107,98,1984
-0.757308172970455,99,1984
-0.738501512439644,100,1984
-5.14080092867305,0,1985
-6.99549419329014,1,1985
-7.50196251168718,2,1985
-7.71071732554929,3,1985
-8.06611757205602,4,1985
-8.07250737015479,5,1985
-8.1050835405894,6,1985
-8.2023824515762,7,1985
-8.44953454294242,8,1985
-8.39941015575985,9,1985
-8.64502656292612,10,1985
-8.70352276960773,11,1985
-8.58440194110969,12,1985
-8.40833878650415,13,1985
-8.34745041682914,14,1985
-7.98069982090167,15,1985
-7.29341775979412,16,1985
-7.132149612198,17,1985
-7.1160102178026,18,1985
-6.99440308570781,19,1985
-7.01645469590548,20,1985
-7.08449245748219,21,1985
-7.09288076310883,22,1985
-7.1665260079395,23,1985
-7.13089883029635,24,1985
-7.17041958845863,25,1985
-7.11971164090578,26,1985
-7.11847631029779,27,1985
-7.1025543572872,28,1985
-7.09649740357901,29,1985
-7.12342681545765,30,1985
-7.16393868437455,31,1985
-6.98679848632259,32,1985
-6.88991536085381,33,1985
-6.84384195323848,34,1985
-6.7430886574269,35,1985
-6.67664355801875,36,1985
-6.62860953755264,37,1985
-6.51099461150412,38,1985
-6.50763777720057,39,1985
-6.26432369066812,40,1985
-6.18747943103394,41,1985
-6.14835230264513,42,1985
-6.00718750757322,43,1985
-5.91635707462118,44,1985
-5.8643034014913,45,1985
-5.72787027018529,46,1985
-5.56960129319018,47,1985
-5.53328049466759,48,1985
-5.37584656905727,49,1985
-5.31465002116893,50,1985
-5.1524869183365,51,1985
-5.04864873629447,52,1985
-4.9980646369224,53,1985
-4.8939194944003,54,1985
-4.8517103151087,55,1985
-4.72553154265927,56,1985
-4.70930922572924,57,1985
-4.64620053554608,58,1985
-4.5486008345002,59,1985
-4.47405420813055,60,1985
-4.38402863734455,61,1985
-4.33118144066831,62,1985
-4.2253648246605,63,1985
-4.15568819246315,64,1985
-4.01549641390442,65,1985
-3.95466958014962,66,1985
-3.85512295829533,67,1985
-3.73366763690407,68,1985
-3.58469963520427,69,1985
-3.53760146795144,70,1985
-3.43827638990358,71,1985
-3.30675121137021,72,1985
-3.16254275152804,73,1985
-3.05694832022763,74,1985
-2.94961233794044,75,1985
-2.81566325181333,76,1985
-2.69162090415133,77,1985
-2.57510272892605,78,1985
-2.51809535215286,79,1985
-2.3765223104964,80,1985
-2.29625516929918,81,1985
-2.17245196794568,82,1985
-2.09501010528796,83,1985
-1.97464198332914,84,1985
-1.87391791349463,85,1985
-1.82289725741204,86,1985
-1.69563325883092,87,1985
-1.62164714268053,88,1985
-1.53114442606419,89,1985
-1.44867201860586,90,1985
-1.37284126124014,91,1985
-1.27629263257258,92,1985
-1.1755278908366,93,1985
-1.10823241404511,94,1985
-1.02400958177295,95,1985
-0.982836599718055,96,1985
-0.954070483711035,97,1985
-0.83970476106811,98,1985
-0.798229957013098,99,1985
-0.583581911781226,100,1985
-5.1810678064978,0,1986
-6.94234672375176,1,1986
-7.53137639689347,2,1986
-7.80669737252168,3,1986
-8.03168537563454,4,1986
-8.11841707145887,5,1986
-8.29805766149957,6,1986
-8.31834233267107,7,1986
-8.52220573323978,8,1986
-8.62255370707406,9,1986
-8.63372700767219,10,1986
-8.61150387088748,11,1986
-8.58440194110969,12,1986
-8.47797247826296,13,1986
-8.37309284744248,14,1986
-8.1050835405894,15,1986
-7.39877827545195,16,1986
-7.1665260079395,17,1986
-7.07735806336832,18,1986
-7.05625528730058,19,1986
-6.97710535711693,20,1986
-7.11724250384886,21,1986
-7.13968733632943,22,1986
-7.18879280871525,23,1986
-7.21973004400296,24,1986
-7.17041958845863,25,1986
-7.14221259019662,26,1986
-7.18746918178474,27,1986
-7.17432838822368,28,1986
-7.12964961089591,29,1986
-7.11355019196173,30,1986
-7.18087720010259,31,1986
-7.07380986331222,32,1986
-6.87238813514485,33,1986
-6.86182634709374,34,1986
-6.79442659367513,35,1986
-6.71630881441118,36,1986
-6.62032323778557,37,1986
-6.56274813991109,38,1986
-6.43152109998577,39,1986
-6.37243218361576,40,1986
-6.24455197479526,41,1986
-6.11521535454416,42,1986
-6.06231628807993,43,1986
-5.9204470598727,44,1986
-5.81784743094417,45,1986
-5.74335524977602,46,1986
-5.65413553476679,47,1986
-5.54883211465838,48,1986
-5.45590728712281,49,1986
-5.32712844840216,50,1986
-5.19937741869313,51,1986
-5.07982461344925,52,1986
-5.00520009160632,53,1986
-4.90925267980765,54,1986
-4.84342737511235,55,1986
-4.79270530983493,56,1986
-4.68768260756256,57,1986
-4.65793825152675,58,1986
-4.55466720381498,59,1986
-4.49246669607501,60,1986
-4.4254353050909,61,1986
-4.33605949912175,62,1986
-4.25924279059612,63,1986
-4.16228084923393,64,1986
-4.08263340629409,65,1986
-3.93360421346175,66,1986
-3.85905112066204,67,1986
-3.77230454225906,68,1986
-3.66508480554822,69,1986
-3.54991783190955,70,1986
-3.45564300785188,71,1986
-3.34520464696222,72,1986
-3.24140265944981,73,1986
-3.11532694923964,74,1986
-2.99599230735985,75,1986
-2.89171465918461,76,1986
-2.76955333369626,77,1986
-2.65629301432937,78,1986
-2.51855444056026,79,1986
-2.44584364137715,80,1986
-2.31781041216713,81,1986
-2.2256888687733,82,1986
-2.11828216707562,83,1986
-2.0257263823761,84,1986
-1.91373729070932,85,1986
-1.82545069819552,86,1986
-1.75644831151394,87,1986
-1.63877918833621,88,1986
-1.56902560182284,89,1986
-1.4735705004287,90,1986
-1.39786909059441,91,1986
-1.30988161842003,92,1986
-1.21295300590672,93,1986
-1.19732495035447,94,1986
-1.12159129532015,95,1986
-1.04134954693717,96,1986
-0.832687447506917,97,1986
-0.934240876077157,98,1986
-0.709794989532836,99,1986
-0.664852112428346,100,1986
-5.23215516429437,0,1987
-7.02428909523809,1,1987
-7.59095212868891,2,1987
-7.80424338356011,3,1987
-7.98951045058382,4,1987
-8.01339218258721,5,1987
-8.22452357745342,6,1987
-8.34745041682914,7,1987
-8.57906859513433,8,1987
-8.79823072114935,9,1987
-9.01148951323102,10,1987
-8.63936082539045,11,1987
-8.50724286056307,12,1987
-8.5122056499052,13,1987
-8.47797247826296,14,1987
-8.14908386985184,15,1987
-7.50015255644194,16,1987
-7.21564005875144,17,1987
-7.0989157844433,18,1987
-7.05393778916022,19,1987
-7.13089883029635,20,1987
-7.15365581741896,21,1987
-7.16393868437455,22,1987
-7.15365581741896,23,1987
-7.27303859745747,24,1987
-7.17302375659702,25,1987
-7.16782218440094,26,1987
-7.04014446702788,27,1987
-7.19677157444705,28,1987
-7.10864822136153,29,1987
-7.11232244472341,30,1987
-7.12094849944318,31,1987
-7.07262992217237,32,1987
-6.92693809839891,33,1987
-6.92185420336164,34,1987
-6.86182634709374,35,1987
-6.77760459451709,36,1987
-6.68141683677141,37,1987
-6.59513672124032,38,1987
-6.47922489794298,39,1987
-6.35963387047245,40,1987
-6.35042782156473,41,1987
-6.20218557842363,42,1987
-6.08314133567989,43,1987
-6.04402179784666,44,1987
-5.86043628470158,45,1987
-5.82189056313653,46,1987
-5.72357710198438,47,1987
-5.65900033188431,48,1987
-5.49141679651387,49,1987
-5.44496294688952,50,1987
-5.27381989494765,51,1987
-5.17663084829144,52,1987
-5.04088833726728,53,1987
-4.94414555282742,54,1987
-4.84127233846669,55,1987
-4.7769079492424,56,1987
-4.71520829119703,57,1987
-4.63666085307946,58,1987
-4.58389805071255,59,1987
-4.49371826069395,60,1987
-4.42226546593356,61,1987
-4.35099319209371,62,1987
-4.24959584749339,63,1987
-4.16575463851038,64,1987
-4.08097434328393,65,1987
-4.01267241357808,66,1987
-3.89826804019581,67,1987
-3.81018869954688,68,1987
-3.70529342938219,69,1987
-3.58387100042265,70,1987
-3.47518843757392,71,1987
-3.40466338130533,72,1987
-3.27812171007891,73,1987
-3.16853923797936,74,1987
-3.0405413726892,75,1987
-2.92518061760305,76,1987
-2.80464921109146,77,1987
-2.67771500130614,78,1987
-2.57670619907312,79,1987
-2.43228383959839,80,1987
-2.37523105747893,81,1987
-2.25422359211617,82,1987
-2.15694480979445,83,1987
-2.0588235606004,84,1987
-1.96121771429751,85,1987
-1.85681012148238,86,1987
-1.7505580267073,87,1987
-1.69977846133554,88,1987
-1.56380033148474,89,1987
-1.49950337358797,90,1987
-1.40415695150524,91,1987
-1.33222671879707,92,1987
-1.29806738993102,93,1987
-1.23509546208566,94,1987
-1.13938428443832,95,1987
-1.06475593801398,96,1987
-0.960041490205884,97,1987
-0.868558269731492,98,1987
-0.912014886344701,99,1987
-0.86716801517487,100,1987
-5.28047744841971,0,1988
-7.04472113405529,1,1988
-7.68211251496763,2,1988
-7.82154913065771,3,1988
-8.08216928106653,4,1988
-8.3061222213363,5,1988
-8.2023824515762,6,1988
-8.31017902203191,7,1988
-8.58440194110969,8,1988
-8.73410619297981,9,1988
-8.62812475212352,10,1988
-8.72176035715751,11,1988
-8.6856118430412,12,1988
-8.56848648580379,13,1988
-8.50724286056307,14,1988
-8.07250737015479,15,1988
-7.46462484124953,16,1988
-7.17694276879775,17,1988
-7.11724250384886,18,1988
-7.04931884330392,19,1988
-7.00096766070432,20,1988
-7.08210866612691,21,1988
-7.17302375659702,22,1988
-7.10987146310427,23,1988
-7.20078495776051,24,1988
-7.14221259019662,25,1988
-7.1160102178026,26,1988
-7.17563472413774,27,1988
-7.22520950976759,28,1988
-7.17563472413774,29,1988
-7.1981075799898,30,1988
-7.16264752861093,31,1988
-7.0655793641757,32,1988
-7.06440908902751,33,1988
-6.9402784706877,34,1988
-6.84948637085816,35,1988
-6.77936206421374,36,1988
-6.68141683677141,37,1988
-6.59221487840196,38,1988
-6.53206232920764,39,1988
-6.4707915038146,40,1988
-6.3105684895681,41,1988
-6.25179088954991,42,1988
-6.07702243546963,43,1988
-5.9962761041052,44,1988
-5.92417980030239,45,1988
-5.79952274693704,46,1988
-5.73496359213978,47,1988
-5.65356475849558,48,1988
-5.59699298047468,49,1988
-5.40545724210594,50,1988
-5.3527735523441,51,1988
-5.21158936303821,52,1988
-5.08223871295595,53,1988
-4.96886974486379,54,1988
-4.88105544856036,55,1988
-4.79451635771901,56,1988
-4.66992206321779,57,1988
-4.64297590072399,58,1988
-4.55428697567352,59,1988
-4.4990099901597,60,1988
-4.41397148125653,61,1988
-4.30781009698504,62,1988
-4.24484192355146,63,1988
-4.18501352913694,64,1988
-4.10651836315381,65,1988
-4.00446729581943,66,1988
-3.90907734813958,67,1988
-3.77074048059426,68,1988
-3.69832391294194,69,1988
-3.5871174051784,70,1988
-3.47270412456347,71,1988
-3.35295022203587,72,1988
-3.25652577232011,73,1988
-3.14518401072478,74,1988
-3.02966141181708,75,1988
-2.92153430545003,76,1988
-2.793673451077,77,1988
-2.66443052374872,78,1988
-2.55312553516521,79,1988
-2.44389523320924,80,1988
-2.3018653520697,81,1988
-2.24054030362252,82,1988
-2.11759210764493,83,1988
-2.0307732897033,84,1988
-1.9178738644791,85,1988
-1.82228465827094,86,1988
-1.70791108924356,87,1988
-1.61724833452608,88,1988
-1.54653823346506,89,1988
-1.42439090638674,90,1988
-1.38823624535723,91,1988
-1.29247256113075,92,1988
-1.27519673420237,93,1988
-1.1474916568161,94,1988
-1.0922436118115,95,1988
-1.0265828322753,96,1988
-0.960786131760719,97,1988
-0.834420464436532,98,1988
-0.733704626742864,99,1988
-0.627103793184142,100,1988
-5.35024243941296,0,1989
-7.11971164090578,1,1989
-7.60090245954208,2,1989
-7.86486800537655,3,1989
-8.09848285655805,4,1989
-8.22452357745342,5,1989
-8.27033311348471,6,1989
-8.45892428329226,7,1989
-8.37743124904108,8,1989
-8.61150387088748,9,1989
-8.81156425201882,10,1989
-8.88103662483358,11,1989
-8.66801608115082,12,1989
-8.62812475212352,13,1989
-8.44487252983661,14,1989
-8.21339173708457,15,1989
-7.46288116164471,16,1989
-7.21292266577494,17,1989
-7.13465587917406,18,1989
-7.07027420847991,19,1989
-6.95904857336969,20,1989
-7.07380986331222,21,1989
-7.17302375659702,22,1989
-7.24462759562469,23,1989
-7.2293389031096,24,1989
-7.16007020759663,25,1989
-7.18350878056864,26,1989
-7.1848271723219,27,1989
-7.1665260079395,28,1989
-7.19543735143392,29,1989
-7.16912004311654,30,1989
-7.132149612198,31,1989
-7.05857816871672,32,1989
-7.0989157844433,33,1989
-7.04357500212467,34,1989
-6.9027677374711,35,1989
-6.84854341935029,36,1989
-6.76973398108476,37,1989
-6.69992843177982,38,1989
-6.54172424011938,39,1989
-6.46306945772069,40,1989
-6.40455868238064,41,1989
-6.23583173487382,42,1989
-6.19089157180488,43,1989
-6.03186996174302,44,1989
-5.88099709408201,45,1989
-5.90272133727359,46,1989
-5.75591822907673,47,1989
-5.68545151797148,48,1989
-5.6021288209297,49,1989
-5.49384575082927,50,1989
-5.35150719506216,51,1989
-5.26140701252794,52,1989
-5.15075980219042,53,1989
-5.0570981685066,54,1989
-4.89873620159885,55,1989
-4.82931423763588,56,1989
-4.72462962602542,57,1989
-4.62813179762544,58,1989
-4.57697153162941,59,1989
-4.49023564789599,60,1989
-4.43897801112402,61,1989
-4.35518998072032,62,1989
-4.25825269150534,63,1989
-4.17481736237215,64,1989
-4.09186763234721,65,1989
-4.01184334071036,66,1989
-3.91542879856298,67,1989
-3.81830500155439,68,1989
-3.69248594970805,69,1989
-3.62804779490769,70,1989
-3.51294491764483,71,1989
-3.37471125642633,72,1989
-3.29133899660192,73,1989
-3.18141146088584,74,1989
-3.08031025002929,75,1989
-2.97166424622029,76,1989
-2.83828417903606,77,1989
-2.70848029357872,78,1989
-2.60788817420323,79,1989
-2.4970197176718,80,1989
-2.38287366422288,81,1989
-2.23263001790682,82,1989
-2.19403566731883,83,1989
-2.07940154247981,84,1989
-1.96719916047325,85,1989
-1.84677547378421,86,1989
-1.78013133874739,87,1989
-1.68428538872285,88,1989
-1.56420645390517,89,1989
-1.53374155956805,90,1989
-1.42573813915029,91,1989
-1.34286712319525,92,1989
-1.27306925260535,93,1989
-1.18739760178883,94,1989
-1.09209755569887,95,1989
-0.995701972298441,96,1989
-0.899765528291999,97,1989
-0.953221868110201,98,1989
-0.763466645869223,99,1989
-0.692002621826663,100,1989
-5.30212460489099,0,1990
-7.0856864874748,1,1990
-7.61500138392158,2,1990
-7.75638736238248,3,1990
-8.01037558904779,4,1990
-8.17006366032104,5,1990
-8.21339173708457,6,1990
-8.37743124904108,7,1990
-8.67971212091401,8,1990
-8.78507263657184,9,1990
-8.85266592770437,10,1990
-8.86675066758611,11,1990
-8.74033674273045,12,1990
-8.44953454294242,13,1990
-8.50724286056307,14,1990
-8.19510969224712,15,1990
-7.54831000942291,16,1990
-7.28901569839348,17,1990
-7.15237786197347,18,1990
-7.04816743269888,19,1990
-7.1160102178026,20,1990
-7.08091889799133,21,1990
-7.22796054313948,22,1990
-7.1447442371184,23,1990
-7.1981075799898,24,1990
-7.18087720010259,25,1990
-7.28609171970205,26,1990
-7.25731275515201,27,1990
-7.25589532047103,28,1990
-7.15493540812459,29,1990
-7.12591128878531,30,1990
-7.19677157444705,31,1990
-7.08329985149707,32,1990
-7.01980478279076,33,1990
-7.01200530035594,34,1990
-6.91881622634156,35,1990
-6.83357588080789,36,1990
-6.72543372218818,37,1990
-6.67505751486312,38,1990
-6.57056901162727,39,1990
-6.45413512898693,40,1990
-6.37712702791997,41,1990
-6.29581815384774,42,1990
-6.15069477267854,43,1990
-6.17106979640771,44,1990
-5.97559119795169,45,1990
-5.82493367622035,46,1990
-5.78901361901886,47,1990
-5.65185438179584,48,1990
-5.58546624783816,49,1990
-5.49969942608073,50,1990
-5.45263472693239,51,1990
-5.27225983222875,52,1990
-5.20064633937459,53,1990
-5.07549386644475,54,1990
-4.95373524696344,55,1990
-4.80630765703969,56,1990
-4.74477714037451,57,1990
-4.64964467608992,58,1990
-4.56537271611402,59,1990
-4.47063929303049,60,1990
-4.38282695484465,61,1990
-4.32594880445418,62,1990
-4.23900046048757,63,1990
-4.16685074100898,64,1990
-4.09492473048717,65,1990
-3.98464746314915,66,1990
-3.92531089975508,67,1990
-3.81889702743866,68,1990
-3.73483962649032,69,1990
-3.60189474414654,70,1990
-3.52079205734781,71,1990
-3.39961862854894,72,1990
-3.27804213553742,73,1990
-3.16476649922117,74,1990
-3.0750569057721,75,1990
-2.95144748144369,76,1990
-2.85532705986133,77,1990
-2.72184998158873,78,1990
-2.58595646985874,79,1990
-2.48736166086311,80,1990
-2.37042505790469,81,1990
-2.26687051917005,82,1990
-2.1307600995444,83,1990
-2.07673321251646,84,1990
-1.93926924872738,85,1990
-1.86167562395269,86,1990
-1.7537933889514,87,1990
-1.66367236990979,88,1990
-1.56570336352124,89,1990
-1.46048787539377,90,1990
-1.41137424869154,91,1990
-1.30471437412747,92,1990
-1.24168851722712,93,1990
-1.12559918110691,94,1990
-1.091313986187,95,1990
-1.00730739203944,96,1990
-0.937044611467374,97,1990
-0.842508348432972,98,1990
-0.887341338585503,99,1990
-0.571238688132141,100,1990
-5.35488771803643,0,1991
-7.17302375659702,1,1991
-7.71295196335071,2,1991
-7.94904250103098,3,1991
-8.15602834220465,4,1991
-8.35592504382011,5,1991
-8.18788944427364,6,1991
-8.43561320442381,7,1991
-8.71564413014008,8,1991
-8.61701352669845,9,1991
-8.94031323476312,10,1991
-8.80487526386802,11,1991
-8.90285567222822,12,1991
-8.66801608115082,13,1991
-8.53739589873376,14,1991
-8.1987394602977,15,1991
-7.6231480684894,16,1991
-7.33240320650708,17,1991
-7.1848271723219,18,1991
-7.09047691579743,19,1991
-7.1074264741112,20,1991
-7.18746918178474,21,1991
-7.16135803778106,22,1991
-7.21836485607762,23,1991
-7.2474326465523,24,1991
-7.26300267092968,25,1991
-7.28609171970205,26,1991
-7.27159871239948,27,1991
-7.18746918178474,28,1991
-7.17825252667982,29,1991
-7.17302375659702,30,1991
-7.2142804392354,31,1991
-7.11477944841646,32,1991
-7.09529040282898,33,1991
-6.97496402867559,34,1991
-6.98355699239842,35,1991
-6.80159508315375,36,1991
-6.76019771462452,37,1991
-6.69506618557179,38,1991
-6.60617030136136,39,1991
-6.49763435933778,40,1991
-6.40637411404415,41,1991
-6.3007107974756,42,1991
-6.16581793425276,43,1991
-6.02895875153556,44,1991
-6.03562544289375,45,1991
-5.86113828543241,46,1991
-5.73310830403803,47,1991
-5.6845682557324,48,1991
-5.57591710365831,49,1991
-5.49676830527187,50,1991
-5.41822766322059,51,1991
-5.3308405582536,52,1991
-5.21636878390087,53,1991
-5.10192855254265,54,1991
-4.97203977633689,55,1991
-4.89980973900737,56,1991
-4.77536556298421,57,1991
-4.64276821640341,58,1991
-4.566911473871,59,1991
-4.46323669009942,60,1991
-4.40582764485983,61,1991
-4.31294843349428,62,1991
-4.24282136895355,63,1991
-4.17462229751246,64,1991
-4.09198734264842,65,1991
-4.00457698703875,66,1991
-3.92192183760739,67,1991
-3.80910547142146,68,1991
-3.71608622455215,69,1991
-3.6400892899445,70,1991
-3.51086716890808,71,1991
-3.43002904833086,72,1991
-3.30320897333395,73,1991
-3.19831368215532,74,1991
-3.08218380728511,75,1991
-2.98108014222168,76,1991
-2.86813092896027,77,1991
-2.75977516759413,78,1991
-2.62372743519036,79,1991
-2.50156055950244,80,1991
-2.40170953786748,81,1991
-2.28761766587226,82,1991
-2.18567354808654,83,1991
-2.04188374887404,84,1991
-1.9911596388168,85,1991
-1.87825243516137,86,1991
-1.78297615570846,87,1991
-1.68011255444752,88,1991
-1.58622932729722,89,1991
-1.52261363628007,90,1991
-1.4002594202204,91,1991
-1.35282476939214,92,1991
-1.27383033523741,93,1991
-1.19518816913368,94,1991
-1.11031854024815,95,1991
-1.10771458920066,96,1991
-0.91919995957629,97,1991
-0.862034581083764,98,1991
-0.813977855554891,99,1991
-0.632321380523146,100,1991
-5.30132187556834,0,1992
-7.13591137211989,1,1992
-7.73786831461524,2,1992
-7.91561320438178,3,1992
-8.07571764578504,4,1992
-8.18072095479502,5,1992
-8.25482892694875,6,1992
-8.5122056499052,7,1992
-8.66801608115082,8,1992
-8.63372700767219,9,1992
-8.87386813535497,10,1992
-8.90285567222822,11,1992
-8.791630037118,12,1992
-8.59515473288595,13,1992
-8.36447210439857,14,1992
-8.26643447306905,15,1992
-7.59691043827254,16,1992
-7.35092225427431,17,1992
-7.1848271723219,18,1992
-7.10498744851185,19,1992
-7.16782218440094,20,1992
-7.1460124681064,21,1992
-7.19944537283146,22,1992
-7.2544798920677,23,1992
-7.22520950976759,24,1992
-7.2544798920677,25,1992
-7.18614730452683,26,1992
-7.28172172003093,27,1992
-7.25873220180623,28,1992
-7.16393868437455,29,1992
-7.17302375659702,30,1992
-7.16782218440094,31,1992
-7.10620621770598,32,1992
-7.08091889799133,33,1992
-7.04931884330392,34,1992
-6.95694552317291,35,1992
-6.89582670811686,36,1992
-6.77235064197593,37,1992
-6.65388855502509,38,1992
-6.6106180477596,39,1992
-6.4611482275428,40,1992
-6.40395427015311,41,1992
-6.27382745808216,42,1992
-6.19431539515443,43,1992
-6.1035140509166,44,1992
-5.95725637577825,45,1992
-5.9665768316002,46,1992
-5.75749975716219,47,1992
-5.64475913420674,48,1992
-5.58094556469714,49,1992
-5.48561126496855,50,1992
-5.4076859036034,51,1992
-5.3187241763257,52,1992
-5.24914632254159,53,1992
-5.1133326923346,54,1992
-5.00923627318255,55,1992
-4.87711015149126,56,1992
-4.78909302414902,57,1992
-4.67227198952883,58,1992
-4.55466720381498,59,1992
-4.47633731414512,60,1992
-4.38154674983703,61,1992
-4.31197832036271,62,1992
-4.2141421256777,63,1992
-4.14509063794005,64,1992
-4.06990564034508,65,1992
-3.9763482159847,66,1992
-3.89723291995551,67,1992
-3.80142124910035,68,1992
-3.71165690180392,69,1992
-3.61581488325693,70,1992
-3.54128737784108,71,1992
-3.40222791247668,72,1992
-3.31712281287525,73,1992
-3.20241209883754,74,1992
-3.08769406547113,75,1992
-2.97422521726956,76,1992
-2.87054560146503,77,1992
-2.76603424980248,78,1992
-2.64624509985528,79,1992
-2.51633539929166,80,1992
-2.40423029675625,81,1992
-2.30372574328832,82,1992
-2.186162982977,83,1992
-2.08201284464773,84,1992
-1.96021599139258,85,1992
-1.87573038220741,86,1992
-1.78791885384212,87,1992
-1.68923898263766,88,1992
-1.5930479644545,89,1992
-1.51296477276618,90,1992
-1.40903498009002,91,1992
-1.319694216589,92,1992
-1.31000391515282,93,1992
-1.17741526512605,94,1992
-1.1288498712289,95,1992
-1.0982473552644,96,1992
-0.969702057180113,97,1992
-0.889897127766081,98,1992
-0.821366990363854,99,1992
-0.747251720747181,100,1992
-5.37304091274397,0,1993
-7.15621663828064,1,1993
-7.74016452687559,2,1993
-7.9101487099097,3,1993
-8.25099015064158,4,1993
-8.21339173708457,5,1993
-8.36877318629796,6,1993
-8.46365242448821,7,1993
-8.58976388425107,8,1993
-8.89552963213615,9,1993
-8.791630037118,10,1993
-8.89552963213615,11,1993
-8.75291552493731,12,1993
-8.59515473288595,13,1993
-8.46365242448821,14,1993
-8.3432398842928,15,1993
-7.69741335992293,16,1993
-7.50015255644194,17,1993
-7.22796054313948,18,1993
-7.18746918178474,19,1993
-7.19144533016438,20,1993
-7.24462759562469,21,1993
-7.22246602382184,22,1993
-7.24883812816103,23,1993
-7.2142804392354,24,1993
-7.341619861612,25,1993
-7.26443022292087,26,1993
-7.30079786709174,27,1993
-7.23764920024323,28,1993
-7.22658408043075,29,1993
-7.23625934595417,30,1993
-7.21564005875144,31,1993
-7.18746918178474,32,1993
-7.1074264741112,33,1993
-6.98896533440768,34,1993
-6.97817774327868,35,1993
-6.81974440165942,36,1993
-6.77409889416946,37,1993
-6.70318311325336,38,1993
-6.58639668017097,39,1993
-6.49102057861574,40,1993
-6.44150869861411,41,1993
-6.32275025704189,42,1993
-6.1957863441816,43,1993
-6.09283304149627,44,1993
-5.98986582574428,45,1993
-5.82866565680289,46,1993
-5.82425662812408,47,1993
-5.68663041583864,48,1993
-5.56515160648698,49,1993
-5.49360258973385,50,1993
-5.39262804601928,51,1993
-5.31140260609669,52,1993
-5.24363980525734,53,1993
-5.14869119259222,54,1993
-5.00326253976684,55,1993
-4.94302337568624,56,1993
-4.78262361138519,57,1993
-4.70598549122691,58,1993
-4.58291957705327,59,1993
-4.4955985495588,60,1993
-4.39507134819469,61,1993
-4.27098627988489,62,1993
-4.22975199923222,63,1993
-4.1129770743701,64,1993
-4.05560473390617,65,1993
-3.99339576389388,66,1993
-3.89354478418237,67,1993
-3.79437331199478,68,1993
-3.71946238059173,69,1993
-3.6234288490514,70,1993
-3.52516324164555,71,1993
-3.4456823266017,72,1993
-3.30081825253431,73,1993
-3.22640409128899,74,1993
-3.10854269318385,75,1993
-2.97164472202493,76,1993
-2.87052795497712,77,1993
-2.77102195026825,78,1993
-2.65306498026987,79,1993
-2.53026391311002,80,1993
-2.42276600125043,81,1993
-2.29248625831663,82,1993
-2.18899751263183,83,1993
-2.11916414075679,84,1993
-1.99658679150649,85,1993
-1.86476251357785,86,1993
-1.82827823592848,87,1993
-1.68656196685617,88,1993
-1.61547107541679,89,1993
-1.53077461725113,90,1993
-1.43464882022256,91,1993
-1.33017114958367,92,1993
-1.26356358573957,93,1993
-1.18972479106073,94,1993
-1.08955245319819,95,1993
-1.06115466730968,96,1993
-0.950253492319607,97,1993
-0.929788923950539,98,1993
-0.826692287564224,99,1993
-0.762662947810632,100,1993
-5.32425074857454,0,1994
-7.23764920024323,1,1994
-7.68646034790373,2,1994
-7.9462136448305,3,1994
-8.29404964010203,4,1994
-8.28608147045285,5,1994
-8.38178855441003,6,1994
-8.42188301161191,7,1994
-8.85968350036301,8,1994
-8.83190393625594,9,1994
-8.84569725838827,10,1994
-8.88103662483358,11,1994
-8.63372700767219,12,1994
-8.51719319141624,13,1994
-8.34745041682914,14,1994
-8.33904700603276,15,1994
-7.74246602386387,16,1994
-7.43878361006565,17,1994
-7.34007784126018,18,1994
-7.19410490620014,19,1994
-7.21021263701607,20,1994
-7.30376522831955,21,1994
-7.20886037176606,22,1994
-7.19144533016438,23,1994
-7.27448055877437,24,1994
-7.19543735143392,25,1994
-7.22658408043075,26,1994
-7.33087532232902,27,1994
-7.25024558792891,28,1994
-7.2293389031096,29,1994
-7.19543735143392,30,1994
-7.12466828054571,31,1994
-7.12964961089591,32,1994
-7.09167811714307,33,1994
-7.06440908902751,34,1994
-6.93718408967295,35,1994
-6.85137494554603,36,1994
-6.84478047982075,37,1994
-6.76799333660698,38,1994
-6.65621865316671,39,1994
-6.52794991765455,40,1994
-6.42409532328892,41,1994
-6.32108034293271,42,1994
-6.26959240675495,43,1994
-6.09239046569794,44,1994
-6.01411923767279,45,1994
-5.91858590169541,46,1994
-5.80980987930173,47,1994
-5.78152782328105,48,1994
-5.58840232361613,49,1994
-5.48585249039488,50,1994
-5.44844282512567,51,1994
-5.29134175281161,52,1994
-5.27128602749701,53,1994
-5.17186094259548,54,1994
-5.10176422750736,55,1994
-4.96070292534805,56,1994
-4.88581044365083,57,1994
-4.74857876928345,58,1994
-4.66068289591835,59,1994
-4.5153294819883,60,1994
-4.42451668629483,61,1994
-4.32791730902685,62,1994
-4.21963571336881,63,1994
-4.17566308339969,64,1994
-4.06104519182117,65,1994
-4.00875419438792,66,1994
-3.93242981520581,67,1994
-3.83705468919084,68,1994
-3.74735638387291,69,1994
-3.65598641081191,70,1994
-3.56482280545196,71,1994
-3.44800601037037,72,1994
-3.3668539276397,73,1994
-3.22748780171676,74,1994
-3.15191835674332,75,1994
-3.03582536712044,76,1994
-2.91577572343806,77,1994
-2.77992758594349,78,1994
-2.69362967844098,79,1994
-2.56292440905412,80,1994
-2.4767361196627,81,1994
-2.35279476418702,82,1994
-2.234347173078,83,1994
-2.13738426300851,84,1994
-2.03315355296111,85,1994
-1.92100975317534,86,1994
-1.79941268048184,87,1994
-1.75421516045572,88,1994
-1.66441693816063,89,1994
-1.55652767600221,90,1994
-1.4627435332833,91,1994
-1.36872952994042,92,1994
-1.28728195212224,93,1994
-1.19876638129857,94,1994
-1.1547954135511,95,1994
-1.07736071160683,96,1994
-1.05895801566933,97,1994
-0.992823564704548,98,1994
-0.831343149711455,99,1994
-0.727520101243709,100,1994
-5.38999415511994,0,1995
-7.22246602382184,1,1995
-7.68864137385009,2,1995
-7.91287722456291,3,1995
-8.17006366032104,4,1995
-8.23956145481796,5,1995
-8.3061222213363,6,1995
-8.38178855441003,7,1995
-8.58976388425107,8,1995
-8.5122056499052,9,1995
-8.67971212091401,10,1995
-8.6622189634665,11,1995
-8.62255370707406,12,1995
-8.55282036905939,13,1995
-8.42188301161191,14,1995
-8.0471895621705,15,1995
-7.67347315237692,16,1995
-7.53324381106827,17,1995
-7.34471105418167,18,1995
-7.19944537283146,19,1995
-7.19277423401443,20,1995
-7.19011818995632,21,1995
-7.25873220180623,22,1995
-7.2115667333638,23,1995
-7.26157715393846,24,1995
-7.18879280871525,25,1995
-7.26585981573046,26,1995
-7.28755264034172,27,1995
-7.21021263701607,28,1995
-7.11847631029779,29,1995
-7.14347761250321,30,1995
-7.1665260079395,31,1995
-7.09047691579743,32,1995
-7.11847631029779,33,1995
-6.99331316734378,34,1995
-6.90575727631946,35,1995
-6.8733538522648,36,1995
-6.77760459451709,37,1995
-6.68861974906547,38,1995
-6.69345067633513,39,1995
-6.50162372633081,40,1995
-6.45795435705392,41,1995
-6.33847208564458,42,1995
-6.22668067965646,43,1995
-6.13487313040334,44,1995
-5.99426847444072,45,1995
-5.91117571587918,46,1995
-5.78412522733874,47,1995
-5.67170258119279,48,1995
-5.71352982611108,49,1995
-5.51572738601449,50,1995
-5.342896409946,51,1995
-5.34247826233381,52,1995
-5.20300718674371,53,1995
-5.1690450308439,54,1995
-5.03980667139654,55,1995
-4.97826491406581,56,1995
-4.85440107206562,57,1995
-4.78202670335099,58,1995
-4.63202764015797,59,1995
-4.55115559768185,60,1995
-4.42118334987508,61,1995
-4.3235313370836,62,1995
-4.24275176742229,63,1995
-4.13654250292229,64,1995
-4.08275201618629,65,1995
-3.9599535391857,66,1995
-3.91282332559892,67,1995
-3.82791166280949,68,1995
-3.72687212162403,69,1995
-3.6129930642828,70,1995
-3.53225184441179,71,1995
-3.43343135899588,72,1995
-3.34028103769488,73,1995
-3.22285874617914,74,1995
-3.09138451185365,75,1995
-3.02811084761801,76,1995
-2.89653873466761,77,1995
-2.78168597706579,78,1995
-2.65953150234761,79,1995
-2.56859700203554,80,1995
-2.4455551759535,81,1995
-2.32377808640139,82,1995
-2.2091038574163,83,1995
-2.11001621974854,84,1995
-2.01767686409166,85,1995
-1.9011614740456,86,1995
-1.80546496188418,87,1995
-1.67140374577274,88,1995
-1.63811005787199,89,1995
-1.51850548282861,90,1995
-1.42136210978039,91,1995
-1.30698422940692,92,1995
-1.22522708476087,93,1995
-1.19335273080377,94,1995
-1.08412079935231,95,1995
-1.03980390344657,96,1995
-0.92629308908067,97,1995
-0.867729165259725,98,1995
-0.820910100006181,99,1995
-0.651548335972238,100,1995
-5.47124320170163,0,1996
-7.19277423401443,1,1996
-7.83157427727708,2,1996
-8.1050835405894,3,1996
-8.29805766149957,4,1996
-8.40386450610923,5,1996
-8.62255370707406,6,1996
-8.54765239890095,7,1996
-9.05333662316652,8,1996
-8.90285567222822,9,1996
-9.07057842960102,10,1996
-8.99522899235924,11,1996
-8.77855795555064,12,1996
-8.69154657856101,13,1996
-8.60602440512285,14,1996
-8.1987394602977,15,1996
-7.74246602386387,16,1996
-7.56360667479839,17,1996
-7.41858090274813,18,1996
-7.2759246023466,19,1996
-7.29636327002388,20,1996
-7.32175671811259,21,1996
-7.28026928695062,22,1996
-7.38257046522509,23,1996
-7.30525221744112,24,1996
-7.25589532047103,25,1996
-7.297839285052,26,1996
-7.40863057189496,27,1996
-7.2672914552019,28,1996
-7.26157715393846,29,1996
-7.22796054313948,30,1996
-7.15110153761387,31,1996
-7.10012717162959,32,1996
-7.07380986331222,33,1996
-7.09047691579743,34,1996
-6.91780561483564,35,1996
-6.83916248751653,36,1996
-6.8206605721312,37,1996
-6.73970169398589,38,1996
-6.58712210639067,39,1996
-6.59221487840196,40,1996
-6.4707915038146,41,1996
-6.35444504360999,42,1996
-6.26327327040347,43,1996
-6.13996455542643,44,1996
-6.02274883714775,45,1996
-5.93508421367187,46,1996
-5.84373443508365,47,1996
-5.73187335482273,48,1996
-5.605658076663,49,1996
-5.56410749258372,50,1996
-5.41755145447173,51,1996
-5.32774617723885,52,1996
-5.25315281459366,53,1996
-5.16693828849166,54,1996
-5.08514334627132,55,1996
-4.98584512528904,56,1996
-4.96270264034095,57,1996
-4.79839092365105,58,1996
-4.74719468601751,59,1996
-4.59432916281022,60,1996
-4.47554641819459,61,1996
-4.34936585243433,62,1996
-4.27284941191793,63,1996
-4.18055625904117,64,1996
-4.07748744515568,65,1996
-4.016217534446,66,1996
-3.91552914475743,67,1996
-3.87160109092923,68,1996
-3.76123511630608,69,1996
-3.65978677991066,70,1996
-3.59280592936787,71,1996
-3.48682063163695,72,1996
-3.37886853617909,73,1996
-3.27230297325106,74,1996
-3.19501282460367,75,1996
-3.06553261381327,76,1996
-2.97840329143222,77,1996
-2.83288239882463,78,1996
-2.73881357855325,79,1996
-2.62323122566949,80,1996
-2.51988326189274,81,1996
-2.42419920787183,82,1996
-2.31191851417512,83,1996
-2.19606524961637,84,1996
-2.08697383833545,85,1996
-1.98387684881216,86,1996
-1.88648342089768,87,1996
-1.80946326062205,88,1996
-1.67114311787078,89,1996
-1.62030171037132,90,1996
-1.50467257385902,91,1996
-1.41131682810624,92,1996
-1.32964563270305,93,1996
-1.2586859749173,94,1996
-1.15829860083476,95,1996
-1.10129588629731,96,1996
-1.06164025574834,97,1996
-0.876997905936448,98,1996
-0.92089380980079,99,1996
-0.745104955184411,100,1996
-5.53733626702054,0,1997
-7.39551562981713,1,1997
-7.84936381884058,2,1997
-8.25482892694875,3,1997
-8.36447210439857,4,1997
-8.56848648580379,5,1997
-8.61150387088748,6,1997
-8.69751674554752,7,1997
-8.90285567222822,8,1997
-8.97132347150568,9,1997
-9.03638706485274,10,1997
-9.04482593349861,11,1997
-8.77208544104503,12,1997
-8.72176035715751,13,1997
-8.65645525874974,14,1997
-8.31017902203191,15,1997
-7.72420067588658,16,1997
-7.60893463123935,17,1997
-7.3650401358201,18,1997
-7.29636327002388,19,1997
-7.32175671811259,20,1997
-7.36031199462415,21,1997
-7.3650401358201,22,1997
-7.35404238161056,23,1997
-7.38740528527968,24,1997
-7.32024500202727,25,1997
-7.30674142099259,26,1997
-7.36662116381742,27,1997
-7.2142804392354,28,1997
-7.26585981573046,29,1997
-7.27159871239948,30,1997
-7.18746918178474,31,1997
-7.10987146310427,32,1997
-7.09167811714307,33,1997
-6.99658649268875,34,1997
-6.98571682045185,35,1997
-6.93000088792946,36,1997
-6.74989719436656,37,1997
-6.75331892567772,38,1997
-6.68861974906547,39,1997
-6.60395382465047,40,1997
-6.50496039942985,41,1997
-6.38243520906569,42,1997
-6.28879299661157,43,1997
-6.19676818029386,44,1997
-6.05333995082607,45,1997
-5.95996588004861,46,1997
-5.84580697468562,47,1997
-5.75940089841921,48,1997
-5.64787484271791,49,1997
-5.51225343711133,50,1997
-5.48296161871164,51,1997
-5.31526008727835,52,1997
-5.23440404080438,53,1997
-5.18142361507654,54,1997
-5.07054454685017,55,1997
-5.00579701745601,56,1997
-4.93339651375545,57,1997
-4.88369432065511,58,1997
-4.70322412646348,59,1997
-4.65173782180443,60,1997
-4.52589700509358,61,1997
-4.41133186906647,62,1997
-4.31227671648578,63,1997
-4.20834227127559,64,1997
-4.13148583890278,65,1997
-4.01167760858833,66,1997
-3.95107573269185,67,1997
-3.84937689877788,68,1997
-3.77696777443528,69,1997
-3.7005877292461,70,1997
-3.60053896079088,71,1997
-3.48332977120077,72,1997
-3.41261228447745,73,1997
-3.32254333003296,74,1997
-3.19628297621557,75,1997
-3.1055694612389,76,1997
-2.94167978923441,77,1997
-2.89643007248013,78,1997
-2.74074902806545,79,1997
-2.63599003856579,80,1997
-2.51645923830111,81,1997
-2.44344613916255,82,1997
-2.31103065657758,83,1997
-2.20718400823079,84,1997
-2.10134365134758,85,1997
-2.00542557375837,86,1997
-1.89369253198562,87,1997
-1.79946105041509,88,1997
-1.70758561419883,89,1997
-1.56114310903079,90,1997
-1.53633616063604,91,1997
-1.44531427117524,92,1997
-1.33015602293581,93,1997
-1.2383917311964,94,1997
-1.18752219399542,95,1997
-1.08074388371567,96,1997
-1.01663053907512,97,1997
-0.916238233252232,98,1997
-0.88898689734681,99,1997
-0.728746025088109,100,1997
-5.55320961617683,0,1998
-7.28317626574192,1,1998
-7.96907178290655,2,1998
-8.07893826048508,3,1998
-8.37743124904108,4,1998
-8.47797247826296,5,1998
-8.52724352726974,6,1998
-8.50230457892249,7,1998
-8.61701352669845,8,1998
-8.94797610750869,9,1998
-9.02801881518223,10,1998
-8.98719682066197,11,1998
-8.9556981536026,12,1998
-8.70956508406369,13,1998
-8.31017902203191,14,1998
-8.26255097304266,15,1998
-7.71071732554929,16,1998
-7.54831000942291,17,1998
-7.3697907385787,18,1998
-7.25731275515201,19,1998
-7.24183039100363,20,1998
-7.24462759562469,21,1998
-7.29194825181476,22,1998
-7.26585981573046,23,1998
-7.28901569839348,24,1998
-7.25731275515201,25,1998
-7.30525221744112,26,1998
-7.21973004400296,27,1998
-7.25731275515201,28,1998
-7.15749951209353,29,1998
-7.20212633958471,30,1998
-7.07854359996242,31,1998
-7.0667510104726,32,1998
-7.01422752349265,33,1998
-6.93409925432174,34,1998
-6.91780561483564,35,1998
-6.82433367084306,36,1998
-6.71465864902022,37,1998
-6.64462207945177,38,1998
-6.65699656063495,39,1998
-6.50696776042508,40,1998
-6.39194211370511,41,1998
-6.34928300174879,42,1998
-6.26537521547584,43,1998
-6.11024808309795,44,1998
-6.03478967184636,45,1998
-5.91191426834997,46,1998
-5.81919332616753,47,1998
-5.70328259961455,48,1998
-5.60620214631734,49,1998
-5.48923577056751,50,1998
-5.405012105219,51,1998
-5.37131825943253,52,1998
-5.20957415671365,53,1998
-5.10687090197708,54,1998
-5.10406723888881,55,1998
-4.97247283300191,56,1998
-4.90559983126237,57,1998
-4.81687935967664,58,1998
-4.7658085319509,59,1998
-4.63130884359779,60,1998
-4.53882080544656,61,1998
-4.43559620201664,62,1998
-4.34027067643355,63,1998
-4.22106491700134,64,1998
-4.12701239248649,65,1998
-4.03583040115622,66,1998
-3.93800770240014,67,1998
-3.8667150877236,68,1998
-3.75279949988017,69,1998
-3.68035588317306,70,1998
-3.60226148783349,71,1998
-3.51257596964554,72,1998
-3.4028287115575,73,1998
-3.31839233890545,74,1998
-3.22809317441781,75,1998
-3.11799030709434,76,1998
-3.00098605050254,77,1998
-2.88161818247315,78,1998
-2.79963931267612,79,1998
-2.67383719793258,80,1998
-2.55099517155614,81,1998
-2.43318364773801,82,1998
-2.34761384017031,83,1998
-2.23194025342471,84,1998
-2.12554412064402,85,1998
-2.03187116877242,86,1998
-1.92371724349679,87,1998
-1.81793918701144,88,1998
-1.72642688843931,89,1998
-1.63900061468325,90,1998
-1.5034171148104,91,1998
-1.45943295711669,92,1998
-1.34483001295292,93,1998
-1.25713450977351,94,1998
-1.1610122980528,95,1998
-1.1187711193972,96,1998
-1.03697077229954,97,1998
-0.983622483784474,98,1998
-0.986667596352019,99,1998
-0.838253096853799,100,1998
-5.60919983217025,0,1999
-7.38740528527968,1,1999
-7.97196614093291,2,1999
-8.2170885989659,3,1999
-8.39941015575985,4,1999
-8.65645525874974,5,1999
-8.78507263657184,6,1999
-8.8387768155437,7,1999
-8.72791422273189,8,1999
-9.05333662316652,9,1999
-8.75926475261597,10,1999
-8.9327086353779,11,1999
-8.9792286510128,12,1999
-8.85968350036301,13,1999
-8.53230682922629,14,1999
-8.13533794894721,15,1999
-7.78482529770301,16,1999
-7.62724643488168,17,1999
-7.43369454055818,18,1999
-7.35092225427431,19,1999
-7.37456401733135,20,1999
-7.35717227461948,21,1999
-7.28609171970205,22,1999
-7.18614730452683,23,1999
-7.2474326465523,24,1999
-7.23904098891605,25,1999
-7.28172172003093,26,1999
-7.20481451324652,27,1999
-7.1981075799898,28,1999
-7.17432838822368,29,1999
-7.13716844330994,30,1999
-7.1074264741112,31,1999
-7.01534048966207,32,1999
-6.98788132346142,33,1999
-6.95484688651599,34,1999
-6.83172059270614,35,1999
-6.84571988806268,36,1999
-6.76106089983133,37,1999
-6.62936625344195,38,1999
-6.56416557459206,39,1999
-6.51706545645613,40,1999
-6.42594660428664,41,1999
-6.32833686375053,42,1999
-6.22314442944448,43,1999
-6.10127941311519,44,1999
-6.01739792913449,45,1999
-5.89252459925308,46,1999
-5.8021673765776,47,1999
-5.71565264722669,48,1999
-5.59969276613182,49,1999
-5.48296161871164,50,1999
-5.42320054869473,51,1999
-5.29831736654804,52,1999
-5.28283779569965,53,1999
-5.11051087952351,54,1999
-5.00073446941899,55,1999
-4.99702829069004,56,1999
-4.88382644723256,57,1999
-4.81823965173083,58,1999
-4.72429161689595,59,1999
-4.67398450198845,60,1999
-4.55580875645037,61,1999
-4.47291460686762,62,1999
-4.34758656136034,63,1999
-4.26435027137346,64,1999
-4.13217104776256,65,1999
-4.03718948172104,66,1999
-3.95336596896253,67,1999
-3.86533027743616,68,1999
-3.77487316728091,69,1999
-3.67351804700124,70,1999
-3.61162216056859,71,1999
-3.49522238765624,72,1999
-3.39821184282179,73,1999
-3.3037531170013,74,1999
-3.20907401989594,75,1999
-3.11462842849785,76,1999
-2.99293618625199,77,1999
-2.87548117496101,78,1999
-2.76211575570721,79,1999
-2.6670618204249,80,1999
-2.51972172204485,81,1999
-2.42156008875271,82,1999
-2.30603102339835,83,1999
-2.20368137767959,84,1999
-2.10124553036433,85,1999
-2.00538099922231,86,1999
-1.88532976351141,87,1999
-1.78862438873258,88,1999
-1.70375408642593,89,1999
-1.587177523596,90,1999
-1.49564504916007,91,1999
-1.4034567967913,92,1999
-1.33958636315478,93,1999
-1.23078574656062,94,1999
-1.15398335958102,95,1999
-1.02795999478441,96,1999
-0.996785208246471,97,1999
-0.977730060474053,98,1999
-0.821667151361551,99,1999
-0.714489437441935,100,1999
-5.6481585709082,0,2000
-7.50741211645474,1,2000
-8.01339218258721,2,2000
-8.23956145481796,3,2000
-8.39056054048287,4,2000
-8.62812475212352,5,2000
-8.83190393625594,6,2000
-8.70956508406369,7,2000
-8.9327086353779,8,2000
-9.27221577569427,9,2000
-9.20039004112301,10,2000
-9.03638706485274,11,2000
-8.99522899235924,12,2000
-8.70956508406369,13,2000
-8.44023215028011,14,2000
-8.34745041682914,15,2000
-7.85708586493449,16,2000
-7.72420067588658,17,2000
-7.52394141840595,18,2000
-7.36346160352705,19,2000
-7.34316426346337,20,2000
-7.42024895984882,21,2000
-7.28463293023839,22,2000
-7.28172172003093,23,2000
-7.22520950976759,24,2000
-7.3462602411685,25,2000
-7.30525221744112,26,2000
-7.36820469542306,27,2000
-7.30079786709174,28,2000
-7.23764920024323,29,2000
-7.19543735143392,30,2000
-7.06440908902751,31,2000
-7.04931884330392,32,2000
-7.01980478279076,33,2000
-6.93615475350384,34,2000
-6.90875577931572,35,2000
-6.90077966524571,36,2000
-6.76538803769521,37,2000
-6.66089520105061,38,2000
-6.59660085034521,39,2000
-6.53000400944149,40,2000
-6.45350000670454,41,2000
-6.31774885734171,42,2000
-6.3244229644294,43,2000
-6.13533491752768,44,2000
-6.04909365994462,45,2000
-5.9759849762596,46,2000
-5.8544890920809,47,2000
-5.74023901166682,48,2000
-5.65185438179584,49,2000
-5.53835278553246,50,2000
-5.45660994554263,51,2000
-5.34666762748908,52,2000
-5.21784398239816,53,2000
-5.23440404080438,54,2000
-5.05993058582113,55,2000
-4.95799540677208,56,2000
-4.95260226284565,57,2000
-4.80691924044814,58,2000
-4.76745384904554,59,2000
-4.66322311743671,60,2000
-4.62221462059735,61,2000
-4.48979003494802,62,2000
-4.40468132523869,63,2000
-4.27709020892947,64,2000
-4.20699827537407,65,2000
-4.08828297084351,66,2000
-4.00441245472149,67,2000
-3.92536156986733,68,2000
-3.79601932967184,69,2000
-3.72936817084407,70,2000
-3.62974299789036,71,2000
-3.55385917043799,72,2000
-3.44640397450023,73,2000
-3.34517628098438,74,2000
-3.25896891843465,75,2000
-3.15353293981804,76,2000
-3.05378520500261,77,2000
-2.94232421685337,78,2000
-2.84681239339407,79,2000
-2.67154953006552,80,2000
-2.6018810125085,81,2000
-2.46979737198746,82,2000
-2.37654384551234,83,2000
-2.24577007143981,84,2000
-2.18705347877483,85,2000
-2.05773484592015,86,2000
-1.97024997388261,87,2000
-1.85902811376329,88,2000
-1.76418126785885,89,2000
-1.68282614366347,90,2000
-1.55264178643469,91,2000
-1.47564592876637,92,2000
-1.34875968391134,93,2000
-1.32908261536878,94,2000
-1.25980268928661,95,2000
-1.12986768931915,96,2000
-1.08071736222958,97,2000
-0.966621331905917,98,2000
-0.923922278187325,99,2000
-0.766296656691439,100,2000
-5.70718826779103,0,2001
-7.58502911038579,1,2001
-8.12177841916157,2,2001
-8.39056054048287,3,2001
-8.46365242448821,4,2001
-8.78507263657184,5,2001
-8.66801608115082,6,2001
-8.96348029404466,7,2001
-9.09701168666918,8,2001
-9.01148951323102,9,2001
-9.22039070782968,10,2001
-9.2305430792937,11,2001
-9.1711196588229,12,2001
-8.90285567222822,13,2001
-8.74660635574404,14,2001
-8.25482892694875,15,2001
-7.98362808068076,16,2001
-7.68211251496763,17,2001
-7.51289158221937,18,2001
-7.42526989089892,19,2001
-7.42863123860163,20,2001
-7.29931748192131,21,2001
-7.3697907385787,22,2001
-7.35874090239211,23,2001
-7.38740528527968,24,2001
-7.31873556777841,25,2001
-7.3650401358201,26,2001
-7.27159871239948,27,2001
-7.30972649783605,28,2001
-7.23210133580551,29,2001
-7.15365581741896,30,2001
-7.17825252667982,31,2001
-7.0856864874748,32,2001
-7.01757014498934,33,2001
-7.05162564940184,34,2001
-6.8733538522648,35,2001
-6.80429657061391,36,2001
-6.77235064197593,37,2001
-6.64462207945177,38,2001
-6.6076506865318,39,2001
-6.48838726570498,40,2001
-6.44213624805423,41,2001
-6.38007253814972,42,2001
-6.27276701259572,43,2001
-6.20317372079653,44,2001
-6.05546987708389,45,2001
-5.95725637577825,46,2001
-5.87350374947442,47,2001
-5.80914299031403,48,2001
-5.67519501780429,49,2001
-5.53733626702054,50,2001
-5.48127912822941,51,2001
-5.37045804432572,52,2001
-5.29154038226901,53,2001
-5.14216868405811,54,2001
-5.16029606865066,55,2001
-5.00430537040139,56,2001
-4.899675483788,57,2001
-4.88899304811415,58,2001
-4.74846335581457,59,2001
-4.70377578974221,60,2001
-4.62547493932846,61,2001
-4.54992471176211,62,2001
-4.44645849483327,63,2001
-4.36962386795684,64,2001
-4.25839407422861,65,2001
-4.15805142927981,66,2001
-4.04002684601251,67,2001
-3.94129734813214,68,2001
-3.84810967968449,69,2001
-3.72791138508769,70,2001
-3.66547547633492,71,2001
-3.55326523208531,72,2001
-3.48737637790405,73,2001
-3.36752085530277,74,2001
-3.26880163363793,75,2001
-3.17280363676582,76,2001
-3.07876611688356,77,2001
-2.98863750107812,78,2001
-2.86742701340107,79,2001
-2.76428727480048,80,2001
-2.6188449823442,81,2001
-2.52988727945711,82,2001
-2.40554848405215,83,2001
-2.29176385436246,84,2001
-2.18333646517605,85,2001
-2.10175259244123,86,2001
-1.98013934060597,87,2001
-1.89557451307623,88,2001
-1.80176132140842,89,2001
-1.69218385388733,90,2001
-1.56674247390648,91,2001
-1.51062478421467,92,2001
-1.41742595955719,93,2001
-1.30988532416189,94,2001
-1.28135433385492,95,2001
-1.17282303533372,96,2001
-1.08011345211429,97,2001
-1.01519436038861,98,2001
-0.931698829276829,99,2001
-0.766448578658773,100,2001
-5.74679436524949,0,2002
-7.62724643488168,1,2002
-8.11506698457359,2,2002
-8.55282036905939,3,2002
-8.74660635574404,4,2002
-8.75926475261597,5,2002
-8.70956508406369,6,2002
-8.84569725838827,7,2002
-9.02801881518223,8,2002
-9.32687418823213,9,2002
-9.33817374348607,10,2002
-9.27221577569427,11,2002
-9.10598035665194,12,2002
-8.96348029404466,13,2002
-8.62812475212352,14,2002
-8.36877318629796,15,2002
-7.87533930524384,16,2002
-7.7310111448891,17,2002
-7.66277786326017,18,2002
-7.48045630646622,19,2002
-7.37297039149608,20,2002
-7.43200392308027,21,2002
-7.31122238442763,22,2002
-7.40863057189496,23,2002
-7.42024895984882,24,2002
-7.3650401358201,25,2002
-7.33546599603762,26,2002
-7.37297039149608,27,2002
-7.37775890822787,28,2002
-7.27159871239948,29,2002
-7.25589532047103,30,2002
-7.16912004311654,31,2002
-7.09408485717363,32,2002
-6.99222443560859,33,2002
-7.01868683968942,34,2002
-6.9846363233181,35,2002
-6.81062856825141,36,2002
-6.82617529198971,37,2002
-6.70890442023697,38,2002
-6.62332849925103,39,2002
-6.50897915902477,40,2002
-6.45350000670454,41,2002
-6.34414746977718,42,2002
-6.27542023781895,43,2002
-6.17875844552849,44,2002
-6.10127941311519,45,2002
-5.97480410621487,46,2002
-5.89216234603412,47,2002
-5.85100719441273,48,2002
-5.68427400826816,49,2002
-5.56072163181555,50,2002
-5.50165829056607,51,2002
-5.38343961996487,52,2002
-5.26875856430649,53,2002
-5.21287388473057,54,2002
-5.0675231563033,55,2002
-5.11150590448123,56,2002
-4.9581377251385,57,2002
-4.8024023555178,58,2002
-4.83006527034111,59,2002
-4.71990786345851,60,2002
-4.64672161314633,61,2002
-4.5791126516688,62,2002
-4.50623023813319,63,2002
-4.37811429785397,64,2002
-4.31048767389157,65,2002
-4.18501352913694,66,2002
-4.10597189846308,67,2002
-3.98148027044337,68,2002
-3.88033055869566,69,2002
-3.78715402338228,70,2002
-3.67900833431867,71,2002
-3.60310550909421,72,2002
-3.48186528472961,73,2002
-3.38504847992278,74,2002
-3.29500121525769,75,2002
-3.20897500019094,76,2002
-3.09076849088946,77,2002
-2.98973032135836,78,2002
-2.88885291192689,79,2002
-2.74902845783077,80,2002
-2.65724777717185,81,2002
-2.52751774379272,82,2002
-2.45487417334003,83,2002
-2.32205337618944,84,2002
-2.20992387313366,85,2002
-2.09825745593748,86,2002
-2.00056382003139,87,2002
-1.91289035267827,88,2002
-1.82004783881102,89,2002
-1.70523320988897,90,2002
-1.62518626940224,91,2002
-1.53716376356408,92,2002
-1.44123640938418,93,2002
-1.34784702386775,94,2002
-1.24464203273775,95,2002
-1.19907481906374,96,2002
-1.10660716267384,97,2002
-1.00507823068929,98,2002
-0.966857974111896,99,2002
-0.796153140393338,100,2002
-5.78315041003977,0,2003
-7.80424338356011,1,2003
-8.30208181179929,2,2003
-8.55801518593649,3,2003
-8.60602440512285,4,2003
-8.77855795555064,5,2003
-8.70956508406369,6,2003
-9.13337933084005,7,2003
-9.39666995016768,8,2003
-9.21034037197618,9,2003
-9.27221577569427,10,2003
-9.16155020780675,11,2003
-9.21034037197618,12,2003
-8.88825687280707,13,2003
-8.73410619297981,14,2003
-8.3432398842928,15,2003
-8.01641790350375,16,2003
-7.75638736238248,17,2003
-7.61095279539558,18,2003
-7.54074853672234,19,2003
-7.53886706862263,20,2003
-7.42863123860163,21,2003
-7.41525311265545,22,2003
-7.40205160079692,23,2003
-7.33240320650708,24,2003
-7.32934976902018,25,2003
-7.34007784126018,26,2003
-7.24883812816103,27,2003
-7.17694276879775,28,2003
-7.24322801527027,29,2003
-7.17956400227763,30,2003
-7.17694276879775,31,2003
-7.06207263936649,32,2003
-6.95170716651132,33,2003
-6.97389508148668,34,2003
-6.94753614899398,35,2003
-6.81882906978774,36,2003
-6.80339526365789,37,2003
-6.68861974906547,38,2003
-6.62860953755264,39,2003
-6.47532372264416,40,2003
-6.40697999106965,41,2003
-6.30343931212881,42,2003
-6.26748158802926,43,2003
-6.14461572660216,44,2003
-6.00759392903787,45,2003
-5.96307147260676,46,2003
-5.91302312080142,47,2003
-5.79425437782028,48,2003
-5.69670756098424,49,2003
-5.56176221463577,50,2003
-5.47219467655933,51,2003
-5.38474709454642,52,2003
-5.27733896016284,53,2003
-5.21195620089999,54,2003
-5.12033855918822,55,2003
-4.99377817702983,56,2003
-5.03780096216903,57,2003
-4.84038631853657,58,2003
-4.77524701636561,59,2003
-4.73107360287725,60,2003
-4.63583560029898,61,2003
-4.57125196778463,62,2003
-4.47853753505473,63,2003
-4.44603196464979,64,2003
-4.30225473289572,65,2003
-4.2485452432994,66,2003
-4.10749059389212,67,2003
-4.00556474983651,68,2003
-3.89437957025555,69,2003
-3.80209294605595,70,2003
-3.709122978591,71,2003
-3.57544363168918,72,2003
-3.51546410679098,73,2003
-3.39197999261255,74,2003
-3.32922096537465,75,2003
-3.21810112502563,76,2003
-3.09652545759074,77,2003
-3.00166986622074,78,2003
-2.88651918858067,79,2003
-2.77703057266729,80,2003
-2.66169156212419,81,2003
-2.54227732144716,82,2003
-2.42314949306081,83,2003
-2.34878611189476,84,2003
-2.20772956198137,85,2003
-2.11557454671396,86,2003
-2.01189504902796,87,2003
-1.9012418012451,88,2003
-1.80002957245459,89,2003
-1.6968057165727,90,2003
-1.60643741842186,91,2003
-1.52986916321498,92,2003
-1.43973311325161,93,2003
-1.31545200099194,94,2003
-1.23909579130527,95,2003
-1.16617297194067,96,2003
-1.12746556984818,97,2003
-1.01715857692918,98,2003
-0.9548288780293,99,2003
-0.756188155722297,100,2003
-5.80183641513159,0,2004
-7.66277786326017,1,2004
-8.18072095479502,2,2004
-8.48763438917469,3,2004
-8.67971212091401,4,2004
-8.96348029404466,5,2004
-8.82507797118554,6,2004
-8.89552963213615,7,2004
-9.07057842960102,8,2004
-9.21034037197618,9,2004
-9.40879131070002,10,2004
-9.31570088763401,11,2004
-9.11503019217186,12,2004
-8.85968350036301,13,2004
-8.72176035715751,14,2004
-8.49250057882587,15,2004
-8.03476704217194,16,2004
-7.99246466248126,17,2004
-7.74477282996178,18,2004
-7.52394141840595,19,2004
-7.57718593292477,20,2004
-7.38579107992514,21,2004
-7.46288116164471,22,2004
-7.44560957513605,23,2004
-7.25589532047103,24,2004
-7.44904011023284,25,2004
-7.37616018686418,26,2004
-7.3524811010436,27,2004
-7.24462759562469,28,2004
-7.29194825181476,29,2004
-7.19277423401443,30,2004
-7.11847631029779,31,2004
-7.12591128878531,32,2004
-7.06792403113496,33,2004
-6.93512647577827,34,2004
-6.92795798629966,35,2004
-6.8561120458303,36,2004
-6.72960909359866,37,2004
-6.72960909359866,38,2004
-6.66167675638543,39,2004
-6.52794991765455,40,2004
-6.46821085722111,41,2004
-6.32330751534553,42,2004
-6.3105684895681,43,2004
-6.19040340972537,44,2004
-6.05121455151376,45,2004
-5.95725637577825,46,2004
-5.89324949961103,47,2004
-5.82662830465505,48,2004
-5.77377584647674,49,2004
-5.61632119888621,50,2004
-5.53277467776252,51,2004
-5.41305504401846,52,2004
-5.32384032377912,53,2004
-5.25602445435779,54,2004
-5.15733877328846,55,2004
-5.08352861961658,56,2004
-4.95543713363149,57,2004
-4.96570973074326,58,2004
-4.79608859000756,59,2004
-4.69959076160758,60,2004
-4.68866049648712,61,2004
-4.55981448426729,62,2004
-4.50568690750314,63,2004
-4.4364405827136,64,2004
-4.37112626020559,65,2004
-4.2268707459527,66,2004
-4.17105283530676,67,2004
-4.03809656268351,68,2004
-3.94145181611896,69,2004
-3.83589564504059,70,2004
-3.72999315784385,71,2004
-3.63249912067783,72,2004
-3.51890042051837,73,2004
-3.44386482798156,74,2004
-3.31403851554958,75,2004
-3.23607284969672,76,2004
-3.13100231961796,77,2004
-3.00916205066572,78,2004
-2.90267918451822,79,2004
-2.77658067950932,80,2004
-2.68182705306193,81,2004
-2.58409955763458,82,2004
-2.46393999435317,83,2004
-2.34398016836043,84,2004
-2.25793682799195,85,2004
-2.13977770510439,86,2004
-2.03110100238604,87,2004
-1.9294985589499,88,2004
-1.85734173487747,89,2004
-1.71862239681642,90,2004
-1.63719458947914,91,2004
-1.53508211384903,92,2004
-1.46161722480171,93,2004
-1.36155492035768,94,2004
-1.26338316365754,95,2004
-1.15635475538668,96,2004
-1.0838606313651,97,2004
-1.057978151792,98,2004
-0.943345945710186,99,2004
-0.769642692003794,100,2004
-5.81014349064761,0,2005
-7.63136166702679,1,2005
-8.20970849166828,2,2005
-8.44023215028011,3,2005
-8.74660635574404,4,2005
-8.91023577952584,5,2005
-8.79823072114935,6,2005
-8.791630037118,7,2005
-8.89552963213615,8,2005
-9.18078156973464,9,2005
-9.30465105144742,10,2005
-9.39666995016768,11,2005
-9.22039070782968,12,2005
-8.88825687280707,13,2005
-8.64502656292612,14,2005
-8.35592504382011,15,2005
-8.15602834220465,16,2005
-8.03476704217194,17,2005
-7.768138378918,18,2005
-7.56746768345585,19,2005
-7.45940289726838,20,2005
-7.46812134830826,21,2005
-7.37137930126383,22,2005
-7.29194825181476,23,2005
-7.33546599603762,24,2005
-7.32024500202727,25,2005
-7.27303859745747,26,2005
-7.37936018959485,27,2005
-7.21973004400296,28,2005
-7.1981075799898,29,2005
-7.2474326465523,30,2005
-7.14094916614985,31,2005
-7.19410490620014,32,2005
-7.06324018182253,33,2005
-6.99987056788994,34,2005
-6.85896511481271,35,2005
-6.90475977000234,36,2005
-6.79442659367513,37,2005
-6.70890442023697,38,2005
-6.62634281954395,39,2005
-6.5585078508722,40,2005
-6.4611482275428,41,2005
-6.35963387047245,42,2005
-6.3613694798176,43,2005
-6.14414963477363,44,2005
-6.09327581325467,45,2005
-5.98986582574428,46,2005
-5.90638837475286,47,2005
-5.7945828389827,48,2005
-5.73527314174757,49,2005
-5.65642190329636,50,2005
-5.51498195176454,51,2005
-5.42706024244076,52,2005
-5.35743063104054,53,2005
-5.23910550691619,54,2005
-5.15925131842504,55,2005
-5.05772690163011,56,2005
-4.96327472273642,57,2005
-4.87475042307589,58,2005
-4.86614541561131,59,2005
-4.71901100241185,60,2005
-4.61592784264105,61,2005
-4.60387103025647,62,2005
-4.47352807693638,63,2005
-4.4288667015197,64,2005
-4.34890138424205,65,2005
-4.29189346887483,66,2005
-4.15875509155097,67,2005
-4.09216693497433,68,2005
-3.93846965544313,69,2005
-3.83984188846814,70,2005
-3.73756562369099,71,2005
-3.6235787235318,72,2005
-3.54242690040089,73,2005
-3.4048741326346,74,2005
-3.33704018321884,75,2005
-3.19620965436929,76,2005
-3.12036622322213,77,2005
-2.9949525775959,78,2005
-2.89463884899394,79,2005
-2.75983835475452,80,2005
-2.64947945174443,81,2005
-2.54985485483457,82,2005
-2.43423254706005,83,2005
-2.3304805793128,84,2005
-2.19399081159725,85,2005
-2.12523420285351,86,2005
-1.99550488680728,87,2005
-1.89370581978609,88,2005
-1.77339905789612,89,2005
-1.70137229665351,90,2005
-1.59442615481366,91,2005
-1.50983242523008,92,2005
-1.39754137229974,93,2005
-1.31481870762184,94,2005
-1.22777722813943,95,2005
-1.09064411901893,96,2005
-1.02768608726841,97,2005
-0.927781498589653,98,2005
-0.907856401053712,99,2005
-0.726128079609569,100,2005
-5.85379174198291,0,2006
-7.75405363903626,1,2006
-8.17360348702616,2,2006
-8.61150387088748,3,2006
-8.62812475212352,4,2006
-8.9327086353779,5,2006
-8.89552963213615,6,2006
-8.99522899235924,7,2006
-9.20039004112301,8,2006
-9.40879131070002,9,2006
-9.33817374348607,10,2006
-9.22039070782968,11,2006
-9.15207146385221,12,2006
-9.08812273925193,13,2006
-8.64502656292612,14,2006
-8.44953454294242,15,2006
-8.14562963498375,16,2006
-7.96618577801742,17,2006
-7.71071732554929,18,2006
-7.55211229537265,19,2006
-7.46114051716692,20,2006
-7.53137639689347,21,2006
-7.44904011023284,22,2006
-7.3697907385787,23,2006
-7.34316426346337,24,2006
-7.45075980111236,25,2006
-7.38902210050658,26,2006
-7.26872514720375,27,2006
-7.3524811010436,28,2006
-7.21973004400296,29,2006
-7.21564005875144,30,2006
-7.24883812816103,31,2006
-7.17432838822368,32,2006
-7.13465587917406,33,2006
-7.04472113405529,34,2006
-6.96750528338791,35,2006
-6.96644427533082,36,2006
-6.85421451205411,37,2006
-6.76278950873195,38,2006
-6.65311306060856,39,2006
-6.57557796664381,40,2006
-6.53343689987081,41,2006
-6.40758623540468,42,2006
-6.33903817680037,43,2006
-6.18845314094534,44,2006
-6.10575369351011,45,2006
-6.00272773938669,46,2006
-5.92792652630399,47,2006
-5.8406336574054,48,2006
-5.75591822907673,49,2006
-5.69849647022696,50,2006
-5.55166242659537,51,2006
-5.50558756870596,52,2006
-5.38474709454642,53,2006
-5.30112129388077,54,2006
-5.19071935595002,55,2006
-5.10786230985736,56,2006
-5.03656867612276,57,2006
-4.92537545014543,58,2006
-4.83470914439116,59,2006
-4.84279305856714,60,2006
-4.66704558970618,61,2006
-4.56105761136977,62,2006
-4.52312947565188,63,2006
-4.42193238240978,64,2006
-4.37699929295986,65,2006
-4.28948391712671,66,2006
-4.23395151660852,67,2006
-4.08834261002647,68,2006
-4.02105692645228,69,2006
-3.91012480814507,70,2006
-3.80384147258362,71,2006
-3.68480775474388,72,2006
-3.56889440023577,73,2006
-3.47244636769121,74,2006
-3.34067629461702,75,2006
-3.25101169489827,76,2006
-3.1200944040708,77,2006
-3.03140090283345,78,2006
-2.93028166849145,79,2006
-2.79850568403985,80,2006
-2.68696897979114,81,2006
-2.58496126665565,82,2006
-2.48326799311949,83,2006
-2.37772898614408,84,2006
-2.26416277539677,85,2006
-2.1190392859004,86,2006
-2.06315095674386,87,2006
-1.93240179903052,88,2006
-1.83498434836462,89,2006
-1.71065701559138,90,2006
-1.64349119975898,91,2006
-1.5261083048471,92,2006
-1.47061989367557,93,2006
-1.32569985740406,94,2006
-1.25111682413475,95,2006
-1.14916585672066,96,2006
-1.07171722520547,97,2006
-1.01050251513689,98,2006
-0.914532278859292,99,2006
-0.797009419724709,100,2006
-5.89397492583073,0,2007
-7.7040432184616,1,2007
-8.47797247826296,2,2007
-8.65072458404076,3,2007
-8.71564413014008,4,2007
-9.06192036685791,5,2007
-8.97132347150568,6,2007
-9.08812273925193,7,2007
-9.22039070782968,8,2007
-9.58140405336701,9,2007
-9.32687418823213,10,2007
-9.25116236649644,11,2007
-9.18078156973464,12,2007
-9.10598035665194,13,2007
-8.9327086353779,14,2007
-8.69154657856101,15,2007
-8.27424701280585,16,2007
-8.1050835405894,17,2007
-7.68211251496763,18,2007
-7.59095212868891,19,2007
-7.56940379248271,20,2007
-7.54263355141811,21,2007
-7.36662116381742,22,2007
-7.3841794760308,23,2007
-7.41028209993343,24,2007
-7.43538802106451,25,2007
-7.43708437431269,26,2007
-7.37775890822787,27,2007
-7.30674142099259,28,2007
-7.32630562663896,29,2007
-7.27016089762985,30,2007
-7.22383682595562,31,2007
-7.14221259019662,32,2007
-7.18087720010259,33,2007
-7.05278105103239,34,2007
-6.99222443560859,35,2007
-6.92490143781711,36,2007
-6.87045949423844,37,2007
-6.7279368524063,38,2007
-6.68141683677141,39,2007
-6.58277742178666,40,2007
-6.47792281442568,41,2007
-6.41917526416347,42,2007
-6.31996861408002,43,2007
-6.244036909113,44,2007
-6.17490673157064,45,2007
-6.06274574911295,46,2007
-5.92942915618853,47,2007
-5.85483794957616,48,2007
-5.80051366361597,49,2007
-5.71352982611108,50,2007
-5.62072891952092,51,2007
-5.54857521035382,52,2007
-5.40590257722797,53,2007
-5.32651110091882,54,2007
-5.21544788872574,55,2007
-5.12352407617487,56,2007
-5.02737461810055,57,2007
-4.9548695161904,58,2007
-4.8813190226262,59,2007
-4.73950189878338,60,2007
-4.78657216572266,61,2007
-4.60377116507438,62,2007
-4.49130592983904,63,2007
-4.45692260952789,64,2007
-4.36175352983433,65,2007
-4.30699337644367,66,2007
-4.19478387356086,67,2007
-4.14755548355517,68,2007
-4.01988665130409,69,2007
-3.92830483800243,70,2007
-3.80294441040191,71,2007
-3.72305690591552,72,2007
-3.60350942339643,73,2007
-3.48960245667057,74,2007
-3.38803439513587,75,2007
-3.25660365292917,76,2007
-3.17450015214865,77,2007
-3.04656251727132,78,2007
-2.93957880895086,79,2007
-2.79470346040545,80,2007
-2.69411771057205,81,2007
-2.59174826172762,82,2007
-2.4816519520675,83,2007
-2.37725476133108,84,2007
-2.25162585439692,85,2007
-2.17437659185408,86,2007
-2.02928088848822,87,2007
-1.9634592374787,88,2007
-1.82745089763991,89,2007
-1.72938203155011,90,2007
-1.64273619783561,91,2007
-1.55181543961951,92,2007
-1.45174636602341,93,2007
-1.36224976332381,94,2007
-1.24308445675989,95,2007
-1.17557000980975,96,2007
-1.13175447356332,97,2007
-1.01089266254612,98,2007
-0.931922270269024,99,2007
-0.794306831578053,100,2007
-5.92268503171316,0,2008
-7.78482529770301,1,2008
-8.39497555869199,2,2008
-8.67384700146161,3,2008
-8.8387768155437,4,2008
-8.85266592770437,5,2008
-9.14268172350237,6,2008
-9.19053774468,7,2008
-9.31570088763401,8,2008
-9.25116236649644,9,2008
-9.55283068092296,10,2008
-9.34960243930969,11,2008
-9.10598035665194,12,2008
-9.06192036685791,13,2008
-8.77855795555064,14,2008
-8.50724286056307,15,2008
-8.28608147045285,16,2008
-7.9633080781898,17,2008
-7.78482529770301,18,2008
-7.64799406707593,19,2008
-7.58699955437309,20,2008
-7.42526989089892,21,2008
-7.41858090274813,22,2008
-7.37297039149608,23,2008
-7.40698176690478,24,2008
-7.3697907385787,25,2008
-7.43369454055818,26,2008
-7.30376522831955,27,2008
-7.32630562663896,28,2008
-7.32478702346177,29,2008
-7.20616131479689,30,2008
-7.30228044705197,31,2008
-7.16393868437455,32,2008
-7.19144533016438,33,2008
-7.0856864874748,34,2008
-7.04701734631564,35,2008
-6.95694552317291,36,2008
-6.85801318708732,37,2008
-6.78997224332575,38,2008
-6.7279368524063,39,2008
-6.62558838721847,40,2008
-6.50496039942985,41,2008
-6.47014571754741,42,2008
-6.36834219836423,43,2008
-6.29798970736124,44,2008
-6.24455197479526,45,2008
-6.07833048012964,46,2008
-6.01085126090817,47,2008
-5.89216234603412,48,2008
-5.77538589351589,49,2008
-5.69730350855849,50,2008
-5.64759119500646,51,2008
-5.52546893925979,52,2008
-5.45567317732424,53,2008
-5.34206028949596,54,2008
-5.23628197562858,55,2008
-5.16606178742757,56,2008
-5.05584188693433,57,2008
-4.97768419395657,58,2008
-4.88594285013894,59,2008
-4.79427469507888,60,2008
-4.69882174206955,61,2008
-4.68054049301287,62,2008
-4.5265438655329,63,2008
-4.42060115665366,64,2008
-4.39353257486008,65,2008
-4.27983112235921,66,2008
-4.220724445104,67,2008
-4.16061257807383,68,2008
-4.05647090979402,69,2008
-3.9194001497672,70,2008
-3.85748747278013,71,2008
-3.72231215020234,72,2008
-3.63841450270772,73,2008
-3.50932839828265,74,2008
-3.40388097929136,75,2008
-3.2883062920862,76,2008
-3.14518401072478,77,2008
-3.06757205077704,78,2008
-2.92781197707001,79,2008
-2.82931993322622,80,2008
-2.69536104998622,81,2008
-2.57790390646243,82,2008
-2.48666419336328,83,2008
-2.37083181434883,84,2008
-2.27704405992633,85,2008
-2.14525661059126,86,2008
-2.05489723276884,87,2008
-1.92569094187392,88,2008
-1.83405755263168,89,2008
-1.72422045407825,90,2008
-1.6230197291575,91,2008
-1.5182315965171,92,2008
-1.43585442158343,93,2008
-1.33191981865656,94,2008
-1.23878166403282,95,2008
-1.16884056581162,96,2008
-1.05979165553617,97,2008
-0.994768622845545,98,2008
-0.885640292675396,99,2008
-0.69387376014269,100,2008
-5.94077143279246,0,2009
-7.80179540192147,1,2009
-8.5122056499052,2,2009
-8.77855795555064,3,2009
-8.87386813535497,4,2009
-9.02801881518223,5,2009
-9.13337933084005,6,2009
-9.34960243930969,7,2009
-9.30465105144742,8,2009
-9.22039070782968,9,2009
-9.42106140329184,10,2009
-9.45880173127468,11,2009
-9.58140405336701,12,2009
-9.06192036685791,13,2009
-9.03638706485274,14,2009
-8.83190393625594,15,2009
-8.17006366032104,16,2009
-8.0534591751841,17,2009
-7.77763963804214,18,2009
-7.71968599553205,19,2009
-7.51289158221937,20,2009
-7.42863123860163,21,2009
-7.31422088742389,22,2009
-7.43538802106451,23,2009
-7.3697907385787,24,2009
-7.47691647976109,25,2009
-7.40533567599811,26,2009
-7.40205160079692,27,2009
-7.297839285052,28,2009
-7.25589532047103,29,2009
-7.25873220180623,30,2009
-7.28609171970205,31,2009
-7.1665260079395,32,2009
-7.27303859745747,33,2009
-7.06792403113496,34,2009
-7.02204442538426,35,2009
-7.00757561426435,36,2009
-6.87045949423844,37,2009
-6.79621390424923,38,2009
-6.68381204749736,39,2009
-6.62558838721847,40,2009
-6.51032234257124,41,2009
-6.45540658497512,42,2009
-6.34642667304304,43,2009
-6.28181684811564,44,2009
-6.17875844552849,45,2009
-6.09904975778792,46,2009
-5.99466967805693,47,2009
-5.93395064090738,48,2009
-5.82527237224391,49,2009
-5.71050502041703,50,2009
-5.64221711899805,51,2009
-5.52046141752916,52,2009
-5.44449987672612,53,2009
-5.37627890801775,54,2009
-5.28087045294432,55,2009
-5.18427465050738,56,2009
-5.09488684654385,57,2009
-4.98921632672296,58,2009
-4.88806374170808,59,2009
-4.82108989221298,60,2009
-4.72903417321048,61,2009
-4.63295256700054,62,2009
-4.61957341629884,63,2009
-4.47501950152305,64,2009
-4.37811429785397,65,2009
-4.34774115670733,66,2009
-4.22707627467606,67,2009
-4.17696559091044,68,2009
-4.07660288074594,69,2009
-4.01245126026264,70,2009
-3.88781831673133,71,2009
-3.78077546881847,72,2009
-3.67446385987963,73,2009
-3.5740518926832,74,2009
-3.43299769421195,75,2009
-3.31996768642947,76,2009
-3.2282445748723,77,2009
-3.08561321836343,78,2009
-2.97771555376719,79,2009
-2.84753643148941,80,2009
-2.74629738828571,81,2009
-2.63288243358717,82,2009
-2.51530812698037,83,2009
-2.39943746136008,84,2009
-2.284116688711,85,2009
-2.18586039495718,86,2009
-2.07819431978452,87,2009
-1.97122590575966,88,2009
-1.84429353305174,89,2009
-1.76428049823977,90,2009
-1.65034845254107,91,2009
-1.56615335251847,92,2009
-1.44226806524091,93,2009
-1.36265986911732,94,2009
-1.28551552534608,95,2009
-1.18322944318804,96,2009
-1.06448626218878,97,2009
-0.980909256211897,98,2009
-0.9878431261467,99,2009
-0.78562547948982,100,2009
-5.98270304143941,0,2010
-7.79935339826592,1,2010
-8.48763438917469,2,2010
-8.61150387088748,3,2010
-8.74033674273045,4,2010
-9.29372198091523,5,2010
-9.14268172350237,6,2010
-9.11503019217186,7,2010
-9.38469375912096,8,2010
-9.64112328806864,9,2010
-9.43348392329039,10,2010
-9.2305430792937,11,2010
-9.01972001236753,12,2010
-8.97132347150568,13,2010
-8.77855795555064,14,2010
-8.72176035715751,15,2010
-8.22452357745342,16,2010
-8.18072095479502,17,2010
-7.86747556878363,18,2010
-7.74708496972016,19,2010
-7.50923527101626,20,2010
-7.52951246345541,21,2010
-7.38257046522509,22,2010
-7.33087532232902,23,2010
-7.3524811010436,24,2010
-7.38902210050658,25,2010
-7.3524811010436,26,2010
-7.29048090012081,27,2010
-7.29636327002388,28,2010
-7.30079786709174,29,2010
-7.25731275515201,30,2010
-7.28609171970205,31,2010
-7.16912004311654,32,2010
-7.17694276879775,33,2010
-7.08807883311342,34,2010
-7.09288076310883,35,2010
-6.99767998651012,36,2010
-6.92490143781711,37,2010
-6.8561120458303,38,2010
-6.75331892567772,39,2010
-6.58422355363666,40,2010
-6.63467935891972,41,2010
-6.49366084417592,42,2010
-6.39373476431963,43,2010
-6.32665760223081,44,2010
-6.22566904578162,45,2010
-6.13164657770784,46,2010
-6.03186996174302,47,2010
-5.94610884538718,48,2010
-5.83548696565363,49,2010
-5.75876678298896,50,2010
-5.66158542595641,51,2010
-5.56410749258372,52,2010
-5.47267075369281,53,2010
-5.39350755355179,54,2010
-5.25468332952798,55,2010
-5.19865304343509,56,2010
-5.08482019228563,57,2010
-5.0054985099911,58,2010
-4.9167351989032,59,2010
-4.82245592781814,60,2010
-4.7213669803906,61,2010
-4.63470198859413,62,2010
-4.55400189941369,63,2010
-4.56422019965914,64,2010
-4.3884472024768,65,2010
-4.2909435583142,66,2010
-4.27084310571327,67,2010
-4.15047056800223,68,2010
-4.06990564034508,69,2010
-3.9858848540266,70,2010
-3.89861331851823,71,2010
-3.78393766566493,72,2010
-3.70006174351651,73,2010
-3.57017240104871,74,2010
-3.47845646720911,75,2010
-3.33336117885859,76,2010
-3.21331630766297,77,2010
-3.11055968138474,78,2010
-2.96642593036202,79,2010
-2.85659661420964,80,2010
-2.72294558861891,81,2010
-2.63349482904675,82,2010
-2.49818643713523,83,2010
-2.37360859624742,84,2010
-2.24916755640738,85,2010
-2.15538134445741,86,2010
-2.05580314311444,87,2010
-1.9310974015082,88,2010
-1.85391363520099,89,2010
-1.70619664087861,90,2010
-1.6353199821482,91,2010
-1.50865184362266,92,2010
-1.41663811135252,93,2010
-1.31207782343105,94,2010
-1.22973857587879,95,2010
-1.15018878104716,96,2010
-1.07052933223298,97,2010
-0.965039896884064,98,2010
-0.874426880275518,99,2010
-0.69207389271361,100,2010
-6.0448653238351,0,2011
-7.7310111448891,1,2011
-8.20970849166828,2,2011
-8.38616492900983,3,2011
-8.57906859513433,4,2011
-8.60602440512285,5,2011
-8.85266592770437,6,2011
-8.73410619297981,7,2011
-8.9792286510128,8,2011
-9.08812273925193,9,2011
-9.09701168666918,10,2011
-8.91023577952584,11,2011
-9.13337933084005,12,2011
-8.67971212091401,13,2011
-8.48279176469891,14,2011
-8.46840302724681,15,2011
-8.0534591751841,16,2011
-7.9462136448305,17,2011
-7.65009270373285,18,2011
-7.64799406707593,19,2011
-7.5810998322459,20,2011
-7.46987419713568,21,2011
-7.35874090239211,22,2011
-7.30228044705197,23,2011
-7.21836485607762,24,2011
-7.3370009157557,25,2011
-7.3232707229438,26,2011
-7.37936018959485,27,2011
-7.29488943040558,28,2011
-7.24322801527027,29,2011
-7.24043471736465,30,2011
-7.21292266577494,31,2011
-7.1821921246839,32,2011
-7.1717208248166,33,2011
-7.04014446702788,34,2011
-7.02428909523809,35,2011
-6.99658649268875,36,2011
-6.86087169308329,37,2011
-6.86853456582886,38,2011
-6.72210593209551,39,2011
-6.65388855502509,40,2011
-6.5479851301361,41,2011
-6.44150869861411,42,2011
-6.36543098815677,43,2011
-6.31332407136135,44,2011
-6.24095207376179,45,2011
-6.13118649028312,46,2011
-6.04909365994462,47,2011
-5.96735747176475,48,2011
-5.84615281594793,49,2011
-5.70869451901722,50,2011
-5.65756705085924,51,2011
-5.53581342408665,52,2011
-5.45590728712281,53,2011
-5.38955584698231,54,2011
-5.34331473247877,55,2011
-5.23421644114151,56,2011
-5.0903280630055,57,2011
-5.01449272442356,58,2011
-4.91115201561131,59,2011
-4.82868880763238,60,2011
-4.73164085004204,61,2011
-4.6375900772442,62,2011
-4.55314715792094,63,2011
-4.46453905624835,64,2011
-4.46897983153783,65,2011
-4.29350306828585,66,2011
-4.18212714560586,67,2011
-4.14749220643299,68,2011
-4.03997001975877,69,2011
-3.98115874426301,70,2011
-3.88343554857623,71,2011
-3.80361713158436,72,2011
-3.66492857995815,73,2011
-3.58343894165594,74,2011
-3.45112319043188,75,2011
-3.35380819840835,76,2011
-3.22476815057304,77,2011
-3.10202655837191,78,2011
-2.98911422125242,79,2011
-2.83373247878333,80,2011
-2.74760737085066,81,2011
-2.61555762337678,82,2011
-2.50553393702274,83,2011
-2.3724926684094,84,2011
-2.26050309261468,85,2011
-2.14695836021199,86,2011
-2.04857097881335,87,2011
-1.94493162796327,88,2011
-1.81480908228167,89,2011
-1.72762477961946,90,2011
-1.5783947754694,91,2011
-1.5334032261581,92,2011
-1.41594564763797,93,2011
-1.31159884731686,94,2011
-1.2158328575386,95,2011
-1.13222284820335,96,2011
-1.04182277619724,97,2011
-0.910505001537902,98,2011
-0.905578315244509,99,2011
-0.690776726922783,100,2011
-6.07267460253353,0,2012
-7.97778011079833,1,2012
-8.63936082539045,2,2012
-8.55282036905939,3,2012
-8.85968350036301,4,2012
-8.85968350036301,5,2012
-9.22039070782968,6,2012
-9.06192036685791,7,2012
-9.2305430792937,8,2012
-9.47170513611059,9,2012
-9.59600285278817,10,2012
-9.64112328806864,11,2012
-9.39666995016768,12,2012
-9.00332620259186,13,2012
-8.72791422273189,14,2012
-8.81156425201882,15,2012
-8.31834233267107,16,2012
-8.16302137769562,17,2012
-7.89930849535684,18,2012
-7.7040432184616,19,2012
-7.66277786326017,20,2012
-7.49474226371369,21,2012
-7.42526989089892,22,2012
-7.41858090274813,23,2012
-7.3697907385787,24,2012
-7.3650401358201,25,2012
-7.36188555907158,26,2012
-7.40205160079692,27,2012
-7.37936018959485,28,2012
-7.42694915241864,29,2012
-7.35717227461948,30,2012
-7.3232707229438,31,2012
-7.25731275515201,32,2012
-7.32782653947966,33,2012
-7.25731275515201,34,2012
-7.11232244472341,35,2012
-7.05625528730058,36,2012
-7.02766557565469,37,2012
-6.91881622634156,38,2012
-6.84760135616239,39,2012
-6.78553764625789,40,2012
-6.66873837851164,41,2012
-6.58567177981302,42,2012
-6.42163226785652,43,2012
-6.37536387730159,44,2012
-6.33790631476668,45,2012
-6.20119841151227,46,2012
-6.11340621791322,47,2012
-6.02274883714775,48,2012
-5.89143823304086,49,2012
-5.80847654577087,50,2012
-5.72449551625374,51,2012
-5.65356475849558,52,2012
-5.55527626635698,53,2012
-5.43965054266468,54,2012
-5.38714858025465,55,2012
-5.30998517141572,56,2012
-5.19413754763837,57,2012
-5.0570981685066,58,2012
-4.97594405430633,59,2012
-4.87592959124396,60,2012
-4.78969416633725,61,2012
-4.70676004174972,62,2012
-4.59968525575752,63,2012
-4.4999096753306,64,2012
-4.40771374160987,65,2012
-4.40993240392759,66,2012
-4.23844590619636,67,2012
-4.12280576704414,68,2012
-4.09630648553564,69,2012
-3.97901787425242,70,2012
-3.916081228889,71,2012
-3.82227371328454,72,2012
-3.74969159351069,73,2012
-3.60505314406908,74,2012
-3.5134146847832,75,2012
-3.38180660387022,76,2012
-3.26869651985216,77,2012
-3.13918702596683,78,2012
-3.01726239210435,79,2012
-2.89128217219753,80,2012
-2.74807563795877,81,2012
-2.64846140969055,82,2012
-2.52277052386389,83,2012
-2.40125691679742,84,2012
-2.28059857760856,85,2012
-2.16108553072035,86,2012
-2.04896665431806,87,2012
-1.93475262635944,88,2012
-1.85104461354516,89,2012
-1.70675861197944,90,2012
-1.6258010615228,91,2012
-1.49233955556119,92,2012
-1.42673309576026,93,2012
-1.32042797198938,94,2012
-1.19925063799061,95,2012
-1.12503224225333,96,2012
-1.0344016337728,97,2012
-0.924796806168099,98,2012
-0.844672642622073,99,2012
-0.689823814912717,100,2012
-6.08621488365379,0,2013
-8.00736806798383,1,2013
-8.45421839225485,2,2013
-8.9792286510128,3,2013
-8.94797610750869,4,2013
-9.01972001236753,5,2013
-9.31570088763401,6,2013
-9.30465105144742,7,2013
-9.20039004112301,8,2013
-9.32687418823213,9,2013
-9.64112328806864,10,2013
-9.56701531591492,11,2013
-9.47170513611059,12,2013
-8.88103662483358,13,2013
-8.98719682066197,14,2013
-8.89552963213615,15,2013
-8.39941015575985,16,2013
-8.16302137769562,17,2013
-7.91287722456291,18,2013
-7.79206296500324,19,2013
-7.64172445406234,20,2013
-7.46812134830826,21,2013
-7.48400870807058,22,2013
-7.45075980111236,23,2013
-7.38902210050658,24,2013
-7.43200392308027,25,2013
-7.43878361006565,26,2013
-7.46812134830826,27,2013
-7.50741211645474,28,2013
-7.37137930126383,29,2013
-7.32478702346177,30,2013
-7.34471105418167,31,2013
-7.34007784126018,32,2013
-7.26157715393846,33,2013
-7.32934976902018,34,2013
-7.12218688969433,35,2013
-7.08329985149707,36,2013
-7.02766557565469,37,2013
-6.97603411973543,38,2013
-6.85991794956798,39,2013
-6.76019771462452,40,2013
-6.75847357626638,41,2013
-6.59440545978178,42,2013
-6.50763777720057,43,2013
-6.42347899044968,44,2013
-6.32052432401374,45,2013
-6.23379091783897,46,2013
-6.0906221186412,47,2013
-6.07180729979052,48,2013
-5.94419935464087,49,2013
-5.85100719441273,50,2013
-5.75465480502996,51,2013
-5.66619771432893,52,2013
-5.55501770139109,53,2013
-5.45146854604221,54,2013
-5.3734720401488,55,2013
-5.31201069368004,56,2013
-5.21747497870394,57,2013
-5.12084086141728,58,2013
-5.02417656466292,59,2013
-4.90898164036976,60,2013
-4.80142840852092,61,2013
-4.72282822945632,62,2013
-4.62129956791798,63,2013
-4.54416916443069,64,2013
-4.44543512786693,65,2013
-4.33988710847979,66,2013
-4.34027067643355,67,2013
-4.18461944046189,68,2013
-4.0736012010842,69,2013
-4.02923120633369,70,2013
-3.91809138082975,71,2013
-3.83993492903389,72,2013
-3.73550995204225,73,2013
-3.66860634927438,74,2013
-3.50999713806749,75,2013
-3.44280093151723,76,2013
-3.28825269864602,77,2013
-3.18117068268955,78,2013
-3.05071658188675,79,2013
-2.91777173208478,80,2013
-2.78775921445789,81,2013
-2.64010187496285,82,2013
-2.55911739645361,83,2013
-2.41898408687827,84,2013
-2.31694774382988,85,2013
-2.18936355628439,86,2013
-2.0725374300031,87,2013
-1.95997459127071,88,2013
-1.85234421683948,89,2013
-1.75086899705245,90,2013
-1.65625178076328,91,2013
-1.55140959928851,92,2013
-1.41795841785538,93,2013
-1.35752810587047,94,2013
-1.21581599216978,95,2013
-1.13797285159992,96,2013
-1.04556548258121,97,2013
-1.0010047498151,98,2013
-0.892701166441069,99,2013
-0.726919504722316,100,2013
-6.1357969179979,0,2014
-7.93777477618463,1,2014
-8.55801518593649,2,2014
-8.94797610750869,3,2014
-8.83190393625594,4,2014
-9.02801881518223,5,2014
-9.15207146385221,6,2014
-9.14268172350237,7,2014
-9.52505111681588,8,2014
-9.18078156973464,9,2014
-9.43348392329039,10,2014
-9.43348392329039,11,2014
-9.07057842960102,12,2014
-9.26163366636373,13,2014
-8.69154657856101,14,2014
-8.72791422273189,15,2014
-8.40833878650415,16,2014
-8.21339173708457,17,2014
-8.07893826048508,18,2014
-7.82154913065771,19,2014
-7.66065246394786,20,2014
-7.52024455652463,21,2014
-7.46462484124953,22,2014
-7.41525311265545,23,2014
-7.48757377423508,24,2014
-7.40698176690478,25,2014
-7.52579498705528,26,2014
-7.45940289726838,27,2014
-7.42024895984882,28,2014
-7.39064153405889,29,2014
-7.29048090012081,30,2014
-7.35404238161056,31,2014
-7.34007784126018,32,2014
-7.23487142067933,33,2014
-7.19944537283146,34,2014
-7.22383682595562,35,2014
-7.16135803778106,36,2014
-7.13089883029635,37,2014
-6.99549419329014,38,2014
-6.92693809839891,39,2014
-6.80700537588199,40,2014
-6.72210593209551,41,2014
-6.68942328466515,42,2014
-6.5585078508722,43,2014
-6.40455868238064,44,2014
-6.37536387730159,45,2014
-6.2606520369236,46,2014
-6.23481080573971,47,2014
-6.07658680052482,48,2014
-6.00962851773565,49,2014
-5.88890795878289,50,2014
-5.78901361901886,51,2014
-5.70508332038925,52,2014
-5.62432455332149,53,2014
-5.49384575082927,54,2014
-5.43139172077338,55,2014
-5.31526008727835,56,2014
-5.23459167566749,57,2014
-5.16203974825549,58,2014
-5.06292908881739,59,2014
-4.94808311943929,60,2014
-4.85581341100489,61,2014
-4.75471482326811,62,2014
-4.65698993471789,63,2014
-4.54727870757231,64,2014
-4.44962048524713,65,2014
-4.38154674983703,66,2014
-4.26221898326917,67,2014
-4.26392365020658,68,2014
-4.10706512663148,69,2014
-4.00369979400005,70,2014
-3.94589007493972,71,2014
-3.83201106745876,72,2014
-3.76848559043195,73,2014
-3.67324235333454,74,2014
-3.5879487355355,75,2014
-3.43361727291827,76,2014
-3.34143901729133,77,2014
-3.19718772129813,78,2014
-3.10276084631251,79,2014
-2.97141046140893,80,2014
-2.82784776455781,81,2014
-2.70984681404515,82,2014
-2.57438069301607,83,2014
-2.46258953939697,84,2014
-2.3358420248955,85,2014
-2.22969715048821,86,2014
-2.10394737171515,87,2014
-1.98727083030788,88,2014
-1.88255983355455,89,2014
-1.77801634013619,90,2014
-1.66971353265868,91,2014
-1.5474730127209,92,2014
-1.48993191748047,93,2014
-1.34369474750107,94,2014
-1.28139395129452,95,2014
-1.15701606588651,96,2014
-1.05355479654499,97,2014
-0.981023938628408,98,2014
-0.933635282717122,99,2014
-0.766453359919661,100,2014
-6.17154860896174,0,2015
-7.95187938236618,1,2015
-8.36877318629796,2,2015
-8.97132347150568,3,2015
-8.94031323476312,4,2015
-9.33817374348607,5,2015
-9.10598035665194,6,2015
-9.27221577569427,7,2015
-9.25116236649644,8,2015
-9.43348392329039,9,2015
-9.68837617291918,10,2015
-9.55283068092296,11,2015
-9.37285930147396,12,2015
-9.11503019217186,13,2015
-8.94031323476312,14,2015
-8.69154657856101,15,2015
-8.38616492900983,16,2015
-8.35592504382011,17,2015
-7.98069982090167,18,2015
-7.84424871817381,19,2015
-7.76342138903986,20,2015
-7.56553531570479,21,2015
-7.57328729250911,22,2015
-7.60491048093962,23,2015
-7.50377574881136,24,2015
-7.45420808039128,25,2015
-7.51106175554229,26,2015
-7.54074853672234,27,2015
-7.5616817463888,28,2015
-7.44732337161378,29,2015
-7.40698176690478,30,2015
-7.47163012383794,31,2015
-7.38740528527968,32,2015
-7.33853819507459,33,2015
-7.22796054313948,34,2015
-7.22383682595562,35,2015
-7.14855376553507,36,2015
-7.12094849944318,37,2015
-7.12964961089591,38,2015
-6.95589565431007,39,2015
-6.82986874032507,40,2015
-6.7430886574269,41,2015
-6.7064484222771,42,2015
-6.63620258846024,43,2015
-6.48183416230659,44,2015
-6.45604291970865,45,2015
-6.30016598678384,46,2015
-6.1782761691748,47,2015
-6.1792409545849,48,2015
-5.97637890968994,49,2015
-5.91302312080142,50,2015
-5.84580697468562,51,2015
-5.73744267614884,52,2015
-5.62128125314446,53,2015
-5.53201643180176,54,2015
-5.46366381913603,55,2015
-5.34039014296994,56,2015
-5.24895593701031,57,2015
-5.14989736142976,58,2015
-5.12941883008622,59,2015
-5.006394299839,60,2015
-4.8846195735134,61,2015
-4.76475225581256,62,2015
-4.68507956921639,63,2015
-4.57076875927076,64,2015
-4.50306496305094,65,2015
-4.40231097797659,66,2015
-4.29379600127952,67,2015
-4.20632695418881,68,2015
-4.20311087101476,69,2015
-4.01433262425272,70,2015
-3.92779675954419,71,2015
-3.88343554857623,72,2015
-3.74274447360615,73,2015
-3.70220788432527,74,2015
-3.59517055567659,75,2015
-3.50759176491028,76,2015
-3.34169338751442,77,2015
-3.27053760819209,78,2015
-3.11237845567331,79,2015
-2.9993387691481,80,2015
-2.8693816006987,81,2015
-2.73882904729479,82,2015
-2.60501538779473,83,2015
-2.47426348968952,84,2015
-2.37706082507085,85,2015
-2.2287864543933,86,2015
-2.12823690586279,87,2015
-2.00299915353944,88,2015
-1.90799220721711,89,2015
-1.77107487803522,90,2015
-1.67754546164878,91,2015
-1.56080490347004,92,2015
-1.45092248627178,93,2015
-1.36519453633261,94,2015
-1.22805377067668,95,2015
-1.20871402617615,96,2015
-1.11145439668141,97,2015
-0.97018741213182,98,2015
-0.901695265791891,99,2015
-0.730993675540021,100,2015
-6.22213636484298,0,2016
-7.99839939800107,1,2016
-8.63372700767219,2,2016
-8.92516142974252,3,2016
-9.26163366636373,4,2016
-9.21034037197618,5,2016
-9.11503019217186,6,2016
-9.53884443894822,7,2016
-9.44606270549725,8,2016
-9.6566274746046,9,2016
-9.61081793857331,10,2016
-9.43348392329039,11,2016
-9.5114454647601,12,2016
-9.34960243930969,13,2016
-8.88103662483358,14,2016
-8.69154657856101,15,2016
-8.44953454294242,16,2016
-8.26643447306905,17,2016
-8.09848285655805,18,2016
-7.84936381884058,19,2016
-7.81657399601759,20,2016
-7.48936108480917,21,2016
-7.60290446221276,22,2016
-7.67778350387804,23,2016
-7.59691043827254,24,2016
-7.47163012383794,25,2016
-7.60090245954208,26,2016
-7.56553531570479,27,2016
-7.47338913924312,28,2016
-7.48757377423508,29,2016
-7.43369454055818,30,2016
-7.47515125423652,31,2016
-7.40369229025438,32,2016
-7.341619861612,33,2016
-7.297839285052,34,2016
-7.26872514720375,35,2016
-7.20616131479689,36,2016
-7.08449245748219,37,2016
-7.09047691579743,38,2016
-7.00647125192129,39,2016
-6.94753614899398,40,2016
-6.81153642124159,41,2016
-6.73464266127349,42,2016
-6.62332849925103,43,2016
-6.57701371706991,44,2016
-6.46050863685902,45,2016
-6.29962147274915,46,2016
-6.25699381491863,47,2016
-6.12568188922779,48,2016
-6.04360030152851,49,2016
-5.88458518548089,50,2016
-5.89107637307671,51,2016
-5.7597181069865,52,2016
-5.64447636875879,53,2016
-5.59645389690368,54,2016
-5.48272108954632,55,2016
-5.36895444614748,56,2016
-5.28441446137905,57,2016
-5.18677599181513,58,2016
-5.07902120696272,59,2016
-4.98862921383364,60,2016
-4.92125173296157,61,2016
-4.81935399593083,62,2016
-4.69739513003061,63,2016
-4.59879057902405,64,2016
-4.51954310002065,65,2016
-4.4164524616889,66,2016
-4.33057335308497,67,2016
-4.22995812105095,68,2016
-4.12819094300593,69,2016
-4.13779500809605,70,2016
-3.95534813016652,71,2016
-3.85526467160954,72,2016
-3.82763590216798,73,2016
-3.67261248165006,74,2016
-3.60766819868911,75,2016
-3.48914374106619,76,2016
-3.40562717874154,77,2016
-3.25499535167459,78,2016
-3.16512181053683,79,2016
-3.01265465274994,80,2016
-2.90931607364711,81,2016
-2.7691546255055,82,2016
-2.62796903262984,83,2016
-2.51145598502154,84,2016
-2.37166725418149,85,2016
-2.26823197662238,86,2016
-2.13358521031658,87,2016
-2.03285571002905,88,2016
-1.91197646456256,89,2016
-1.77884521829712,90,2016
-1.69195033400856,91,2016
-1.57418660542147,92,2016
-1.46551074362746,93,2016
-1.37760026454324,94,2016
-1.26300120078818,95,2016
-1.14582340019762,96,2016
-1.10605088656516,97,2016
-1.00062116036536,98,2016
-0.891110433343857,99,2016
-0.684231770614982,100,2016
-6.26590139280974,0,2017
-7.98069982090167,1,2017
-8.69751674554752,2,2017
-9.00332620259186,3,2017
-9.18078156973464,4,2017
-9.42106140329184,5,2017
-9.39666995016768,6,2017
-9.43348392329039,7,2017
-9.59600285278817,8,2017
-9.44606270549725,9,2017
-9.49802244442796,10,2017
-9.53884443894822,11,2017
-9.36116326171077,12,2017
-8.9792286510128,13,2017
-8.91023577952584,14,2017
-8.66801608115082,15,2017
-8.5122056499052,16,2017
-8.24716605420318,17,2017
-7.9633080781898,18,2017
-7.95472433449841,19,2017
-7.71295196335071,20,2017
-7.69741335992293,21,2017
-7.65009270373285,22,2017
-7.55784297008164,23,2017
-7.56746768345585,24,2017
-7.61297504077635,25,2017
-7.66277786326017,26,2017
-7.60290446221276,27,2017
-7.55211229537265,28,2017
-7.5810998322459,29,2017
-7.53324381106827,30,2017
-7.41858090274813,31,2017
-7.3650401358201,32,2017
-7.4559366892919,33,2017
-7.27016089762985,34,2017
-7.30972649783605,35,2017
-7.2210970982145,36,2017
-7.19677157444705,37,2017
-7.0989157844433,38,2017
-7.00536810784914,39,2017
-6.90775527898214,40,2017
-6.84478047982075,41,2017
-6.7706054408349,42,2017
-6.70236844925719,43,2017
-6.62936625344195,44,2017
-6.44843349808326,45,2017
-6.38184401779811,46,2017
-6.29907725504864,47,2017
-6.1587004664839,48,2017
-6.05546987708389,49,2017
-5.96346035069838,50,2017
-5.88818619765448,51,2017
-5.80183641513159,52,2017
-5.68958375525639,53,2017
-5.59295691956732,54,2017
-5.46602621097415,55,2017
-5.411934093335,56,2017
-5.31974531396166,57,2017
-5.23590610642664,58,2017
-5.12756244612555,59,2017
-5.02920667968169,60,2017
-4.94288319204544,61,2017
-4.84152563127453,62,2017
-4.73573455600921,63,2017
-4.62639382243972,64,2017
-4.53695094701095,65,2017
-4.41744657990514,66,2017
-4.32625139920647,67,2017
-4.24268217073507,68,2017
-4.15422196327752,69,2017
-4.04275831075067,70,2017
-4.01245126026264,71,2017
-3.86466243406831,72,2017
-3.74693238556255,73,2017
-3.7108796943936,74,2017
-3.58016855725649,75,2017
-3.49988024256674,76,2017
-3.39147479951403,77,2017
-3.30686040253675,78,2017
-3.13997222727273,79,2017
-3.04837384487959,80,2017
-2.88991386274615,81,2017
-2.8017292119862,82,2017
-2.65877444056806,83,2017
-2.52095256794046,84,2017
-2.40119069674817,85,2017
-2.2613471849778,86,2017
-2.15665957583584,87,2017
-2.00834954157242,88,2017
-1.91213210500638,89,2017
-1.78027368412497,90,2017
-1.66739546903299,91,2017
-1.57692716080592,92,2017
-1.47227935592906,93,2017
-1.37130723131164,94,2017
-1.23628252019649,95,2017
-1.14965193101753,96,2017
-1.0453435966638,97,2017
-0.997058910971793,98,2017
-0.882089808348032,99,2017
-0.681808493953941,100,2017
-6.23379091783897,0,2018
-8.19510969224712,1,2018
-8.76565455071474,2,2018
-8.85968350036301,3,2018
-9.18078156973464,4,2018
-9.08812273925193,5,2018
-9.44606270549725,6,2018
-9.68837617291918,7,2018
-9.61081793857331,8,2018
-9.56701531591492,9,2018
-9.49802244442796,10,2018
-9.6566274746046,11,2018
-9.21034037197618,12,2018
-9.04482593349861,13,2018
-8.98719682066197,14,2018
-8.61150387088748,15,2018
-8.62255370707406,16,2018
-8.33904700603276,17,2018
-8.1084002932154,18,2018
-7.97778011079833,19,2018
-7.78482529770301,20,2018
-7.69521313901332,21,2018
-7.68211251496763,22,2018
-7.61500138392158,23,2018
-7.64172445406234,24,2018
-7.5810998322459,25,2018
-7.64799406707593,26,2018
-7.64380996055336,27,2018
-7.55401887364323,28,2018
-7.61095279539558,29,2018
-7.47338913924312,30,2018
-7.49115159558296,31,2018
-7.47868482681783,32,2018
-7.30823284557926,33,2018
-7.37616018686418,34,2018
-7.27881896037297,35,2018
-7.26157715393846,36,2018
-7.18614730452683,37,2018
-7.08688194487957,38,2018
-7.07262992217237,39,2018
-6.97817774327868,40,2018
-6.86757348934931,41,2018
-6.80339526365789,42,2018
-6.71465864902022,43,2018
-6.59002908518198,44,2018
-6.50965052528027,45,2018
-6.41244946687418,46,2018
-6.33508225189007,47,2018
-6.19824274433593,48,2018
-6.10440930612412,49,2018
-6.00556347148748,50,2018
-5.92792652630399,51,2018
-5.78315041003977,52,2018
-5.67548660550135,53,2018
-5.59107898474312,54,2018
-5.555534898196,55,2018
-5.40167987954319,56,2018
-5.33104719117096,57,2018
-5.24250430172882,58,2018
-5.14233978509368,59,2018
-5.00014055700361,60,2018
-4.94078279219742,61,2018
-4.85273451184398,62,2018
-4.73368560822352,63,2018
-4.65131884201407,64,2018
-4.5488843749775,65,2018
-4.46115642584919,66,2018
-4.33705326903115,67,2018
-4.24665693277572,68,2018
-4.1677543166481,69,2018
-4.07377752128214,70,2018
-3.94988064798439,71,2018
-3.94160630796982,72,2018
-3.77819165779463,73,2018
-3.65699326525161,74,2018
-3.61121495675746,75,2018
-3.47923460167109,76,2018
-3.40225794385948,77,2018
-3.28935193867253,78,2018
-3.20595959960165,79,2018
-3.03822232517494,80,2018
-2.95244292545559,81,2018
-2.798226581435,82,2018
-2.68680743483356,83,2018
-2.56000957828513,84,2018
-2.42073819711732,85,2018
-2.29819474469275,86,2018
-2.13910662400157,87,2018
-2.05160849955068,88,2018
-1.91971330253863,89,2018
-1.80730975057637,90,2018
-1.69551336390233,91,2018
-1.58894434741978,92,2018
-1.48749907963289,93,2018
-1.37070845484615,94,2018
-1.27983924475606,95,2018
-1.16353488355256,96,2018
-1.08246929083092,97,2018
-0.993512006868177,98,2018
-0.918513199727254,99,2018
-0.715368024543736,100,2018
